  3.1767506e-002  0.0000000e+000
  9.5302515e-002 -1.3306074e-008
  1.9060510e-001 -3.6329986e-008
  2.8590760e-001 -8.1671928e-008
  3.8121000e-001 -1.7068187e-007
  4.7651250e-001 -3.3556069e-007
  5.7181500e-001 -6.2894560e-007
  6.6711740e-001 -1.1085335e-006
  7.6241990e-001 -1.8637505e-006
  8.5772230e-001 -3.0312999e-006
  9.5302480e-001 -4.7827762e-006
  1.0483270e+000 -7.3022638e-006
  1.1436300e+000 -1.0844898e-005
  1.2389330e+000 -1.5675729e-005
  1.3342360e+000 -2.2112861e-005
  1.4295390e+000 -3.0433104e-005
  1.5248420e+000 -4.0931805e-005
  1.6201440e+000 -5.3807980e-005
  1.7154470e+000 -6.9209309e-005
  1.8107500e+000 -8.7047680e-005
  1.9060530e+000 -1.0709760e-004
  2.0013560e+000 -1.2883678e-004
  2.0966580e+000 -1.5150549e-004
  2.1919600e+000 -1.7400633e-004
  2.2872620e+000 -1.9497288e-004
  2.3825640e+000 -2.1295375e-004
  2.4778660e+000 -2.2626630e-004
  2.5731680e+000 -2.3337529e-004
  2.6684700e+000 -2.3251626e-004
  2.7637720e+000 -2.2263445e-004
  2.8590750e+000 -2.0286032e-004
  2.9543770e+000 -1.7315874e-004
  3.0496790e+000 -1.3595461e-004
  3.1449810e+000 -9.3424045e-005
  3.2402830e+000 -4.8737376e-005
  3.3355850e+000 -5.6023268e-006
  3.4308870e+000  3.2253753e-005
  3.5261890e+000  6.0987390e-005
  3.6214910e+000  7.6820339e-005
  3.7167940e+000  7.8300822e-005
  3.8120960e+000  6.5920758e-005
  3.9073980e+000  4.1480911e-005
  4.0027000e+000  8.0415675e-006
  4.0980030e+000 -2.8800496e-005
  4.1933070e+000 -6.3907530e-005
  4.2886100e+000 -9.2149450e-005
  4.3839140e+000 -1.0903509e-004
  4.4792180e+000 -1.1327511e-004
  4.5745210e+000 -1.0582778e-004
  4.6698250e+000 -8.8964785e-005
  4.7651280e+000 -6.5588581e-005
  4.8604320e+000 -4.0567022e-005
  4.9557350e+000 -1.8422541e-005
  5.0510390e+000 -2.9724770e-006
  5.1463420e+000  4.5098800e-006
  5.2416460e+000  4.7296389e-006
  5.3369490e+000 -2.6490738e-008
  5.4322530e+000 -7.4424620e-006
  5.5275560e+000 -1.4318839e-005
  5.6228600e+000 -1.7715078e-005
  5.7181630e+000 -1.6718808e-005
  5.8134670e+000 -1.1159397e-005
  5.9087710e+000 -2.2420279e-006
  6.0040740e+000  8.1176167e-006
  6.0993780e+000  1.7238806e-005
  6.1946810e+000  2.2022741e-005
  6.2899850e+000  2.1546624e-005
  6.3852880e+000  1.5327149e-005
  6.4805920e+000  4.2473589e-006
  6.5758950e+000 -1.0449621e-005
  6.6711990e+000 -2.6398469e-005
  6.7665020e+000 -4.1151496e-005
  6.8618060e+000 -5.2382609e-005
  6.9571090e+000 -5.8820482e-005
  7.0524130e+000 -6.0599956e-005
  7.1477170e+000 -5.8536312e-005
  7.2430200e+000 -5.4013333e-005
  7.3383240e+000 -4.8127764e-005
  7.4336270e+000 -4.2596024e-005
  7.5289310e+000 -3.8383925e-005
  7.6242340e+000 -3.5682133e-005
  7.7195380e+000 -3.3976605e-005
  7.8148410e+000 -3.2440883e-005
  7.9101450e+000 -3.0086963e-005
  8.0054480e+000 -2.6196003e-005
  8.1007490e+000 -2.0508136e-005
  8.1960500e+000 -1.3136294e-005
  8.2913500e+000 -4.7442563e-006
  8.3866510e+000  3.4623918e-006
  8.4819520e+000  9.9869076e-006
  8.5772520e+000  1.3426759e-005
  8.6725530e+000  1.3424376e-005
  8.7678540e+000  9.9882927e-006
  8.8631540e+000  3.8132234e-006
  8.9584550e+000 -4.2118472e-006
  9.0537560e+000 -1.2405280e-005
  9.1490560e+000 -1.9007161e-005
  9.2443570e+000 -2.2519900e-005
  9.3396580e+000 -2.2513821e-005
  9.4349580e+000 -1.9020043e-005
  9.5302590e+000 -1.2766743e-005
  9.6255600e+000 -4.6143718e-006
  9.7208600e+000  3.8365679e-006
  9.8161610e+000  1.0901829e-005
  9.9114620e+000  1.5167103e-005
  1.0006760e+001  1.6228731e-005
  1.0102060e+001  1.4294545e-005
  1.0197360e+001  1.0066878e-005
  1.0292660e+001  4.6015161e-006
  1.0387970e+001 -4.5867557e-007
  1.0483270e+001 -3.1044226e-006
  1.0578570e+001 -1.6380125e-006
  1.0673870e+001  5.5102578e-006
  1.0769170e+001  1.9495668e-005
  1.0864470e+001  4.1500349e-005
  1.0959770e+001  7.1752700e-005
  1.1055070e+001  1.1103345e-004
  1.1150370e+001  1.6018144e-004
  1.1245670e+001  2.2056590e-004
  1.1340970e+001  2.9397523e-004
  1.1436270e+001  3.8266077e-004
  1.1531570e+001  4.8947870e-004
  1.1626870e+001  6.1772281e-004
  1.1722170e+001  7.7133247e-004
  1.1817480e+001  9.5469283e-004
  1.1912780e+001  1.1728457e-003
  1.2008080e+001  1.4314702e-003
  1.2103380e+001  1.7372395e-003
  1.2198680e+001  2.0978556e-003
  1.2293980e+001  2.5225065e-003
  1.2389280e+001  3.0220586e-003
  1.2484580e+001  3.6092545e-003
  1.2579880e+001  4.2991964e-003
  1.2675180e+001  5.1093190e-003
  1.2770480e+001  6.0595404e-003
  1.2865780e+001  7.1723373e-003
  1.2961080e+001  8.4726783e-003
  1.3056380e+001  9.9877762e-003
  1.3151680e+001  1.1746709e-002
  1.3246990e+001  1.3780014e-002
  1.3342290e+001  1.6119774e-002
  1.3437590e+001  1.8798543e-002
  1.3532890e+001  2.1849023e-002
  1.3628190e+001  2.5304705e-002
  1.3723490e+001  2.9198080e-002
  1.3818790e+001  3.3560909e-002
  1.3914090e+001  3.8423136e-002
  1.4009390e+001  4.3810673e-002
  1.4104690e+001  4.9743168e-002
  1.4199990e+001  5.6229703e-002
  1.4295290e+001  6.3265406e-002
  1.4390590e+001  7.0825070e-002
  1.4485890e+001  7.8860044e-002
  1.4581190e+001  8.7292522e-002
  1.4676500e+001  9.6016943e-002
  1.4771800e+001  1.0489939e-001
  1.4867100e+001  1.1378554e-001
  1.4962400e+001  1.2250790e-001
  1.5057700e+001  1.3089786e-001
  1.5153000e+001  1.3879384e-001
  1.5248300e+001  1.4605094e-001
  1.5343600e+001  1.5254159e-001
  1.5438900e+001  1.5815830e-001
  1.5534200e+001  1.6280274e-001
  1.5629500e+001  1.6637000e-001
  1.5724800e+001  1.6882829e-001
  1.5820100e+001  1.7016135e-001
  1.5915400e+001  1.7026183e-001
  1.6010710e+001  1.6914999e-001
  1.6106010e+001  1.6681957e-001
  1.6201320e+001  1.6349494e-001
  1.6296630e+001  1.5932065e-001
  1.6391930e+001  1.5446746e-001
  1.6487240e+001  1.4909452e-001
  1.6582540e+001  1.4332695e-001
  1.6677850e+001  1.3724285e-001
  1.6773160e+001  1.3088006e-001
  1.6868460e+001  1.2425523e-001
  1.6963770e+001  1.1738673e-001
  1.7059080e+001  1.1031500e-001
  1.7154380e+001  1.0311013e-001
  1.7249690e+001  9.5872328e-002
  1.7345000e+001  8.8714227e-002
  1.7440300e+001  8.1742011e-002
  1.7535610e+001  7.5039394e-002
  1.7630910e+001  6.8658128e-002
  1.7726220e+001  6.2613077e-002
  1.7821530e+001  5.6893099e-002
  1.7916830e+001  5.1471591e-002
  1.8012140e+001  4.6324756e-002
  1.8107450e+001  4.1442946e-002
  1.8202750e+001  3.6837045e-002
  1.8298060e+001  3.2537375e-002
  1.8393370e+001  2.8585533e-002
  1.8488670e+001  2.5023684e-002
  1.8583980e+001  2.1874532e-002
  1.8679290e+001  1.9136291e-002
  1.8774590e+001  1.6775426e-002
  1.8869900e+001  1.4730227e-002
  1.8965200e+001  1.2919316e-002
  1.9060510e+001  1.1260366e-002
  1.9155820e+001  9.6843727e-003
  1.9251120e+001  8.1502208e-003
  1.9346430e+001  6.6532153e-003
  1.9441740e+001  5.2225259e-003
  1.9537040e+001  3.9163991e-003
  1.9632350e+001  2.7956476e-003
  1.9727660e+001  1.8995809e-003
  1.9822960e+001  1.2371051e-003
  1.9918270e+001  8.2309800e-004
  2.0013570e+001  6.1578932e-004
  2.0108880e+001  5.5771804e-004
  2.0204190e+001  5.7361356e-004
  2.0299490e+001  5.9855089e-004
  2.0394800e+001  5.8278500e-004
  2.0490110e+001  5.0520664e-004
  2.0585410e+001  3.6327131e-004
  2.0680720e+001  1.7837493e-004
  2.0776030e+001 -2.9312108e-005
  2.0871330e+001 -2.1589437e-004
  2.0966640e+001 -3.4571005e-004
  2.1061940e+001 -4.0998225e-004
  2.1157250e+001 -4.1078374e-004
  2.1252560e+001 -3.6751002e-004
  2.1347860e+001 -2.9870641e-004
  2.1443170e+001 -2.2619213e-004
  2.1538480e+001 -1.7514169e-004
  2.1633780e+001 -1.5153752e-004
  2.1729090e+001 -1.5759814e-004
  2.1824400e+001 -1.8304946e-004
  2.1919700e+001 -2.1653823e-004
  2.2015010e+001 -2.4270764e-004
  2.2110320e+001 -2.4891447e-004
  2.2205620e+001 -2.3187276e-004
  2.2300930e+001 -1.8946438e-004
  2.2396230e+001 -1.2828789e-004
  2.2491540e+001 -5.6716257e-005
  2.2586850e+001  1.3200609e-005
  2.2682150e+001  6.6893117e-005
  2.2777460e+001  9.8636934e-005
  2.2872770e+001  1.0788820e-004
  2.2968070e+001  9.7543561e-005
  2.3063380e+001  7.5439275e-005
  2.3158690e+001  4.7938218e-005
  2.3253990e+001  2.4823821e-005
  2.3349300e+001  1.2581884e-005
  2.3444600e+001  1.3810611e-005
  2.3539910e+001  2.8547624e-005
  2.3635220e+001  5.4245349e-005
  2.3730520e+001  8.7651919e-005
  2.3825830e+001  1.2336546e-004
  2.3921140e+001  1.5578067e-004
  2.4016440e+001  1.8131078e-004
  2.4111750e+001  1.9892951e-004
  2.4207060e+001  2.0885473e-004
  2.4302360e+001  2.1169112e-004
  2.4397670e+001  2.1020084e-004
  2.4492980e+001  2.0617209e-004
  2.4588280e+001  2.0180248e-004
  2.4683590e+001  1.9930354e-004
  2.4778890e+001  1.9975052e-004
  2.4874200e+001  2.0357854e-004
  2.4969510e+001  2.1172907e-004
  2.5064810e+001  2.2391914e-004
  2.5160120e+001  2.3833109e-004
  2.5255430e+001  2.5400237e-004
  2.5350730e+001  2.6978992e-004
  2.5446040e+001  2.8359381e-004
  2.5541350e+001  2.9476930e-004
  2.5636650e+001  3.0159118e-004
  2.5731960e+001  3.0412211e-004
  2.5827260e+001  3.0254474e-004
  2.5922570e+001  2.9751586e-004
  2.6017880e+001  2.9091261e-004
  2.6113180e+001  2.8443217e-004
  2.6208490e+001  2.7976799e-004
  2.6303800e+001  2.7826402e-004
  2.6399100e+001  2.8039192e-004
  2.6494410e+001  2.8620809e-004
  2.6589720e+001  2.9506101e-004
  2.6685020e+001  3.0545698e-004
  2.6780330e+001  3.1683780e-004
  2.6875640e+001  3.2705039e-004
  2.6970940e+001  3.3569353e-004
  2.7066250e+001  3.4227196e-004
  2.7161550e+001  3.4609961e-004
  2.7256860e+001  3.4807780e-004
  2.7352170e+001  3.4811502e-004
  2.7447470e+001  3.4685168e-004
  2.7542780e+001  3.4570665e-004
  2.7638090e+001  3.4463400e-004
  2.7733390e+001  3.4485097e-004
  2.7828700e+001  3.4634472e-004
  2.7924010e+001  3.4962859e-004
  2.8019310e+001  3.5414318e-004
  2.8114620e+001  3.5993155e-004
  2.8209920e+001  3.6534978e-004
  2.8305230e+001  3.7056510e-004
  2.8400540e+001  3.7420576e-004
  2.8495840e+001  3.7590874e-004
  2.8591150e+001  3.7573435e-004
  2.8686460e+001  3.7354720e-004
  2.8781760e+001  3.7051973e-004
  2.8877070e+001  3.6640759e-004
  2.8972380e+001  3.6225567e-004
  2.9067680e+001  3.5887229e-004
  2.9162990e+001  3.5686864e-004
  2.9258300e+001  3.5598528e-004
  2.9353600e+001  3.5666479e-004
  2.9448910e+001  3.5862793e-004
  2.9544210e+001  3.6119216e-004
  2.9639520e+001  3.6482248e-004
  2.9734830e+001  3.6847292e-004
  2.9830130e+001  3.7212271e-004
  2.9925440e+001  3.7577530e-004
  3.0020750e+001  3.7945245e-004
  3.0116050e+001  3.8329855e-004
  3.0211360e+001  3.8738776e-004
  3.0306670e+001  3.9165883e-004
  3.0401970e+001  3.9585619e-004
  3.0497280e+001  3.9964629e-004
  3.0592580e+001  4.0136470e-004
  3.0687890e+001  4.0124898e-004
  3.0783200e+001  3.9864652e-004
  3.0878500e+001  3.9455167e-004
  3.0973810e+001  3.8882380e-004
  3.1069120e+001  3.8319654e-004
  3.1164420e+001  3.7886528e-004
  3.1259730e+001  3.7707316e-004
  3.1355040e+001  3.7842116e-004
  3.1450340e+001  3.8253926e-004
  3.1545650e+001  3.8907357e-004
  3.1640950e+001  3.9670270e-004
  3.1736260e+001  4.0429889e-004
  3.1831570e+001  4.0941534e-004
  3.1926870e+001  4.1131524e-004
  3.2022180e+001  4.0998374e-004
  3.2117490e+001  4.0584893e-004
  3.2212790e+001  3.9972260e-004
  3.2308100e+001  3.9251268e-004
  3.2403400e+001  3.8580754e-004
  3.2498710e+001  3.8180168e-004
  3.2594020e+001  3.8022906e-004
  3.2689320e+001  3.8158099e-004
  3.2784630e+001  3.8517080e-004
  3.2879940e+001  3.9072457e-004
  3.2975240e+001  3.9738620e-004
  3.3070550e+001  4.0287524e-004
  3.3165860e+001  4.0663398e-004
  3.3261160e+001  4.0776617e-004
  3.3356470e+001  4.0680383e-004
  3.3451770e+001  4.0367444e-004
  3.3547080e+001  3.9866052e-004
  3.3642390e+001  3.9341580e-004
  3.3737690e+001  3.8964787e-004
  3.3833000e+001  3.8754192e-004
  3.3928310e+001  3.8784562e-004
  3.4023610e+001  3.9061939e-004
  3.4118920e+001  3.9488936e-004
  3.4214230e+001  3.9988625e-004
  3.4309530e+001  4.0446827e-004
  3.4404840e+001  4.0746282e-004
  3.4500140e+001  4.0810279e-004
  3.4595450e+001  4.0604957e-004
  3.4690760e+001  4.0264954e-004
  3.4786060e+001  3.9795783e-004
  3.4881370e+001  3.9211375e-004
  3.4976680e+001  3.8745452e-004
  3.5071980e+001  3.8387679e-004
  3.5167290e+001  3.8166533e-004
  3.5262600e+001  3.8147377e-004
  3.5357900e+001  3.8276895e-004
  3.5453210e+001  3.8480357e-004
  3.5548520e+001  3.8822598e-004
  3.5643820e+001  3.9202493e-004
  3.5739130e+001  3.9575453e-004
  3.5834430e+001  3.9944143e-004
  3.5929740e+001  4.0257425e-004
  3.6025050e+001  4.0486112e-004
  3.6120350e+001  4.0619663e-004
  3.6215660e+001  4.0567431e-004
  3.6310970e+001  4.0363788e-004
  3.6406270e+001  3.9996192e-004
  3.6501580e+001  3.9484512e-004
  3.6596890e+001  3.8986609e-004
  3.6692190e+001  3.8527924e-004
  3.6787500e+001  3.8163524e-004
  3.6882800e+001  3.8050968e-004
  3.6978110e+001  3.8124068e-004
  3.7073420e+001  3.8394684e-004
  3.7168720e+001  3.8783340e-004
  3.7264030e+001  3.9246713e-004
  3.7359340e+001  3.9713923e-004
  3.7454640e+001  4.0061510e-004
  3.7549950e+001  4.0292722e-004
  3.7645260e+001  4.0414211e-004
  3.7740560e+001  4.0378398e-004
  3.7835870e+001  4.0303357e-004
  3.7931180e+001  4.0173164e-004
  3.8026480e+001  4.0028885e-004
  3.8121790e+001  3.9903895e-004
  3.8217090e+001  3.9806694e-004
  3.8312400e+001  3.9690995e-004
  3.8407710e+001  3.9524175e-004
  3.8503010e+001  3.9387902e-004
  3.8598320e+001  3.9172097e-004
  3.8693630e+001  3.8976336e-004
  3.8788930e+001  3.8811596e-004
  3.8884240e+001  3.8734311e-004
  3.8979550e+001  3.8773936e-004
  3.9074850e+001  3.8868006e-004
  3.9170160e+001  3.9040102e-004
  3.9265460e+001  3.9225671e-004
  3.9360770e+001  3.9343679e-004
  3.9456080e+001  3.9324083e-004
  3.9551380e+001  3.9161809e-004
  3.9646690e+001  3.8916757e-004
  3.9742000e+001  3.8567386e-004
  3.9837300e+001  3.8222937e-004
  3.9932610e+001  3.7982539e-004
