0 0.00011
0.02 0.000115
0.04 0.000165
0.06 0.00016
0.08 0.00015
0.1 7e-05
0.12 5e-05
0.14 3.5e-05
0.16 -4e-05
0.18 -1.5e-05
0.2 -3.5e-05
0.22 -7e-05
0.24 -6.5e-05
0.26 -3.5e-05
0.28 5e-06
0.3 -1e-05
0.32 -6.5e-05
0.34 -6.5e-05
0.36 -5e-05
0.38 -3e-05
0.4 1.5e-05
0.42 5e-06
0.44 5.42e-21
0.46 -2.5e-05
0.48 -2.5e-05
0.5 -1.5e-05
0.52 -1.5e-05
0.54 -3.5e-05
0.56 -2e-05
0.58 -2e-05
0.6 -1.5e-05
0.62 -2.5e-05
0.64 -3.5e-05
0.66 -3.5e-05
0.68 -2e-05
0.7 -1e-05
0.72 -3e-05
0.74 -5e-05
0.76 2.71e-21
0.78 1.5e-05
0.8 -1.5e-05
0.82 -1e-05
0.84 -1e-05
0.86 1.5e-05
0.88 -2.5e-05
0.9 -1.5e-05
0.92 -3.5e-05
0.94 -5e-06
0.96 1.5e-05
0.98 3.5e-05
1 4e-05
1.02 1.5e-05
1.04 -1.5e-05
1.06 1e-05
1.08 1e-05
1.1 2.5e-05
1.12 1.5e-05
1.14 2.71e-21
1.16 2e-05
1.18 8e-05
1.2 9.5e-05
1.22 0.000105
1.24 9e-05
1.26 0.00012
1.28 0.000145
1.3 0.000135
1.32 9e-05
1.34 6e-05
1.36 4.5e-05
1.38 7e-05
1.4 3.5e-05
1.42 3e-05
1.44 5e-06
1.46 -5e-06
1.48 -1.5e-05
1.5 -5e-05
1.52 -6.5e-05
1.54 -0.000115
1.56 -0.000115
1.58 -0.000125
1.6 -1e-04
1.62 -0.00011
1.64 -0.000115
1.66 -0.000115
1.68 -0.00012
1.7 -0.00014
1.72 -0.000145
1.74 -0.000135
1.76 -9.5e-05
1.78 -5.5e-05
1.8 -4e-05
1.82 -2.5e-05
1.84 -2e-05
1.86 -2.5e-05
1.88 -1.5e-05
1.9 2.5e-05
1.92 6.5e-05
1.94 9e-05
1.96 0.00011
1.98 0.000145
2 0.00019
2.02 0.00022
2.04 0.000195
2.06 0.000185
2.08 0.000205
2.1 0.00021
2.12 0.000155
2.14 0.00013
2.16 0.00012
2.18 8e-05
2.2 3.5e-05
2.22 2.5e-05
2.24 2.5e-05
2.26 1e-05
2.28 5e-06
2.3 1e-05
2.32 -5e-06
2.34 1e-05
2.36 5e-06
2.38 5e-06
2.4 1e-05
2.42 5e-06
2.44 -2e-05
2.46 -1e-05
2.48 -1.5e-05
2.5 0
2.52 -1.5e-05
2.54 -3.5e-05
2.56 -1e-05
2.58 -4.5e-05
2.6 -3e-05
2.62 3.5e-05
2.64 3e-05
2.66 7e-05
2.68 5.5e-05
2.7 8e-05
2.72 9e-05
2.74 0.000105
2.76 8.5e-05
2.78 0.00011
2.8 9.5e-05
2.82 1e-04
2.84 0.000105
2.86 7.5e-05
2.88 6e-05
2.9 2.5e-05
2.92 3.5e-05
2.94 1.5e-05
2.96 -2e-05
2.98 -5e-05
3 -8e-05
3.02 -0.000105
3.04 -1e-04
3.06 -6e-05
3.08 -6e-05
3.1 -2.5e-05
3.12 -3.5e-05
3.14 -2.5e-05
3.16 -2e-05
3.18 -1e-05
3.2 3e-05
3.22 2e-05
3.24 5e-05
3.26 7.5e-05
3.28 9e-05
3.3 9e-05
3.32 9.5e-05
3.34 7.5e-05
3.36 9e-05
3.38 0.000125
3.4 8e-05
3.42 9.5e-05
3.44 8e-05
3.46 8e-05
3.48 3.5e-05
3.5 5e-05
3.52 5.5e-05
3.54 1.5e-05
3.56 2.5e-05
3.58 3.5e-05
3.6 4e-05
3.62 4e-05
3.64 3e-05
3.66 -5e-06
3.68 -1.5e-05
3.7 -1.5e-05
3.72 -1.5e-05
3.74 5e-06
3.76 1e-05
3.78 4.07e-21
3.8 1.5e-05
3.82 2.5e-05
3.84 1.5e-05
3.86 -2.5e-05
3.88 -3e-05
3.9 -5e-06
3.92 1.5e-05
3.94 -5e-06
3.96 5e-06
3.98 -3.39e-21
4 -1e-05
4.02 -6e-05
4.04 -9e-05
4.06 -8e-05
4.08 -6e-05
4.1 -5.5e-05
4.12 -4e-05
4.14 -3e-05
4.16 -1.5e-05
4.18 -5e-06
4.2 -2.5e-05
4.22 -4.5e-05
4.24 5.42e-21
4.26 3.5e-05
4.28 5e-05
4.3 5e-05
4.32 5e-05
4.34 7.5e-05
4.36 8e-05
4.38 0.000115
4.4 0.00013
4.42 0.000135
4.44 0.00014
4.46 7.5e-05
4.48 7.5e-05
4.5 7.5e-05
4.52 5e-05
4.54 7.45e-21
4.56 -5e-05
4.58 -5e-05
4.6 -3e-05
4.62 -1.5e-05
4.64 -6.5e-05
4.66 -0.00012
4.68 -9.5e-05
4.7 -8e-05
4.72 -8.5e-05
4.74 -5.5e-05
4.76 5.42e-21
4.78 3.5e-05
4.8 5e-05
4.82 8e-05
4.84 0.000125
4.86 9e-05
4.88 0.000105
4.9 9e-05
4.92 7.5e-05
4.94 6.5e-05
4.96 7e-05
4.98 9.5e-05
5 8.5e-05
5.02 8.5e-05
5.04 5.5e-05
5.06 -5e-06
5.08 -4.5e-05
5.1 -4e-05
5.12 -5.5e-05
5.14 -6e-05
5.16 -5.5e-05
5.18 -9.5e-05
5.2 -0.00011
5.22 -0.00012
5.24 -1e-04
5.26 -7.5e-05
5.28 -3.5e-05
5.3 -3.5e-05
5.32 -2e-05
5.34 -5.42e-21
5.36 -1e-05
5.38 1e-05
5.4 1e-05
5.42 -5e-06
5.44 1.5e-05
5.46 3e-05
5.48 4e-05
5.5 5.5e-05
5.52 6.5e-05
5.54 7.5e-05
5.56 8e-05
5.58 6.5e-05
5.6 7e-05
5.62 7e-05
5.64 6.5e-05
5.66 5.5e-05
5.68 7e-05
5.7 0.000135
5.72 0.000155
5.74 0.000125
5.76 0.00018
5.78 0.00018
5.8 0.00017
5.82 0.000165
5.84 0.00018
5.86 0.00016
5.88 0.000145
5.9 0.00014
5.92 9e-05
5.94 3.5e-05
5.96 2e-05
5.98 -3.5e-05
6 -4.5e-05
6.02 -5.5e-05
6.04 -9e-05
6.06 -0.00013
6.08 -0.00016
6.1 -0.00017
6.12 -0.000195
6.14 -0.000175
6.16 -0.00017
6.18 -0.00012
6.2 -0.000105
6.22 -4e-05
6.24 -1e-05
6.26 3.5e-05
6.28 9.5e-05
6.3 0.000115
6.32 0.000135
6.34 0.00015
6.36 0.00018
6.38 0.00018
6.4 0.000195
6.42 0.000195
6.44 0.000205
6.46 0.00022
6.48 0.00023
6.5 0.00019
6.52 0.00013
6.54 0.00011
6.56 5e-05
6.58 4e-05
6.6 4e-05
6.62 2.5e-05
6.64 3e-05
6.66 6e-05
6.68 1.5e-05
6.7 1.36e-21
6.72 -2.5e-05
6.74 -3e-05
6.76 -6e-05
6.78 -8e-05
6.8 -6.5e-05
6.82 -2e-05
6.84 8.13e-21
6.86 -2.5e-05
6.88 -3.5e-05
6.9 -4e-05
6.92 -3e-05
6.94 -2e-05
6.96 -5e-06
6.98 2e-05
7 -2e-05
7.02 -1e-05
7.04 2e-05
7.06 -2e-05
7.08 -2.5e-05
7.1 2e-05
7.12 7.5e-05
7.14 7e-05
7.16 8.5e-05
7.18 0.000105
7.2 7e-05
7.22 4.5e-05
7.24 4.5e-05
7.26 8e-05
7.28 0.000115
7.3 0.00012
7.32 1e-04
7.34 9e-05
7.36 8e-05
7.38 0.000115
7.4 0.00012
7.42 5.5e-05
7.44 5.5e-05
7.46 5e-05
7.48 7.5e-05
7.5 8e-05
7.52 6.5e-05
7.54 3.5e-05
7.56 2.5e-05
7.58 3e-05
7.6 3.5e-05
7.62 5.5e-05
7.64 5e-05
7.66 7e-05
7.68 8.5e-05
7.7 0.000125
7.72 9.5e-05
7.74 0.000105
7.76 7.5e-05
7.78 6e-05
7.8 7.5e-05
7.82 9.5e-05
7.84 0.00013
7.86 0.00012
7.88 6e-05
7.9 4e-05
7.92 4e-05
7.94 2.5e-05
7.96 4e-05
7.98 6.5e-05
8 6e-05
8.02 5.5e-05
8.04 6.5e-05
8.06 7.5e-05
8.08 7e-05
8.1 0.000115
8.12 0.00011
8.14 1e-04
8.16 1e-04
8.18 0.00012
8.2 0.00016
8.22 0.000175
8.24 0.00014
8.26 0.00012
8.28 0.000105
8.3 0.00012
8.32 7e-05
8.34 5e-05
8.36 9e-05
8.38 6.5e-05
8.4 8.5e-05
8.42 4e-05
8.44 5e-06
8.46 5e-06
8.48 -2.5e-05
8.5 -6.5e-05
8.52 -7e-05
8.54 -1e-04
8.56 -7.5e-05
8.58 -8e-05
8.6 -8e-05
8.62 -2e-05
8.64 5e-06
8.66 5e-05
8.68 4.5e-05
8.7 5.5e-05
8.72 7.5e-05
8.74 8e-05
8.76 0.000135
8.78 0.00013
8.8 0.00016
8.82 0.000155
8.84 0.000185
8.86 0.00014
8.88 0.000135
8.9 0.000155
8.92 0.00012
8.94 0.000105
8.96 0.000115
8.98 7e-05
9 6.5e-05
9.02 6.5e-05
9.04 3.5e-05
9.06 4e-05
9.08 4.5e-05
9.1 3.5e-05
9.12 -1.5e-05
9.14 3e-05
9.16 4.5e-05
9.18 4e-05
9.2 3.5e-05
9.22 1.5e-05
9.24 1e-05
9.26 -1.5e-05
9.28 -4.5e-05
9.3 -2.5e-05
9.32 -5.5e-05
9.34 -2e-05
9.36 -5.5e-05
9.38 -8e-05
9.4 -9.5e-05
9.42 -7.5e-05
9.44 -6.5e-05
9.46 -5e-05
9.48 -2e-05
9.5 -3.5e-05
9.52 -4e-05
9.54 -4.5e-05
9.56 5e-06
9.58 4e-05
9.6 3e-05
9.62 7e-05
9.64 9e-05
9.66 0.00011
9.68 8.5e-05
9.7 0.000105
9.72 8e-05
9.74 6e-05
9.76 6e-05
9.78 0
9.8 -1e-05
9.82 -2.5e-05
9.84 -2e-05
9.86 -2.5e-05
9.88 -6.5e-05
9.9 -5.5e-05
9.92 -7e-05
9.94 -5.5e-05
9.96 -9e-05
9.98 -7e-05
10 -7e-05
10.02 -3.5e-05
10.04 -1.5e-05
10.06 2.5e-05
10.08 5e-05
10.1 9.5e-05
10.12 0.000125
10.14 0.00015
10.16 0.000155
10.18 0.000125
10.2 0.00012
10.22 1e-04
10.24 1e-04
10.26 0.000105
10.28 0.000125
10.3 9e-05
10.32 8e-05
10.34 7.5e-05
10.36 5.5e-05
10.38 4.5e-05
10.4 7.5e-05
10.42 6.5e-05
10.44 4.5e-05
10.46 -1e-05
10.48 -5e-06
10.5 5e-06
10.52 3.5e-05
10.54 5.5e-05
10.56 7.5e-05
10.58 7.5e-05
10.6 7e-05
10.62 1e-04
10.64 0.00012
10.66 0.000145
10.68 0.000165
10.7 0.000195
10.72 0.000245
10.74 0.000255
10.76 0.00029
10.78 0.00032
10.8 0.000355
10.82 0.000365
10.84 0.00041
10.86 0.000485
10.88 5e-04
10.9 0.000545
10.92 0.00057
10.94 0.00059
10.96 0.000605
10.98 0.00062
11 0.00068
11.02 0.00067
11.04 0.000635
11.06 0.00065
11.08 0.000625
11.1 0.00061
11.12 0.00067
11.14 0.000735
11.16 0.00076
11.18 0.000755
11.2 0.000795
11.22 0.00083
11.24 0.00085
11.26 0.000905
11.28 0.00097
11.3 0.00102
11.32 0.00111
11.34 0.00116
11.36 0.00121
11.38 0.00124
11.4 0.00132
11.42 0.00139
11.44 0.00147
11.46 0.00154
11.48 0.00164
11.5 0.00168
11.52 0.00172
11.54 0.0018
11.56 0.00186
11.58 0.00192
11.6 0.00197
11.62 0.002075
11.64 0.002155
11.66 0.0022
11.68 0.00226
11.7 0.00234
11.72 0.00243
11.74 0.00255
11.76 0.00266
11.78 0.002735
11.8 0.002835
11.82 0.00285
11.84 0.002955
11.86 0.00307
11.88 0.0032
11.9 0.00327
11.92 0.00339
11.94 0.00357
11.96 0.00373
11.98 0.0039
12 0.00407
12.02 0.00422
12.04 0.0044
12.06 0.0046
12.08 0.00476
12.1 0.00493
12.12 0.00515
12.14 0.00535
12.16 0.00561
12.18 0.00581
12.2 0.00604
12.22 0.00628
12.24 0.0065
12.26 0.00674
12.28 0.007
12.3 0.00728
12.32 0.00754
12.34 0.0078
12.36 0.00806
12.38 0.00833
12.4 0.00865
12.42 0.00898
12.44 0.00932
12.46 0.00963
12.48 0.00996
12.5 0.0103
12.52 0.0107
12.54 0.0111
12.56 0.0115
12.58 0.012
12.6 0.0124
12.62 0.0129
12.64 0.0133
12.66 0.0138
12.68 0.0143
12.7 0.0148
12.72 0.0153
12.74 0.0158
12.76 0.0163
12.78 0.0168
12.8 0.0174
12.82 0.0179
12.84 0.0185
12.86 0.0191
12.88 0.0198
12.9 0.0204
12.92 0.021015
12.94 0.02171
12.96 0.022395
12.98 0.02312
13 0.02383
13.02 0.02461
13.04 0.025385
13.06 0.0262
13.08 0.027
13.1 0.0278
13.12 0.0286
13.14 0.02952
13.16 0.030385
13.18 0.031255
13.2 0.03216
13.22 0.033095
13.24 0.034025
13.26 0.03501
13.28 0.036
13.3 0.037
13.32 0.0381
13.34 0.0391
13.36 0.0402
13.38 0.0413
13.4 0.0425
13.42 0.0436
13.44 0.0448
13.46 0.046
13.48 0.0472
13.5 0.0484
13.52 0.0497
13.54 0.051
13.56 0.0524
13.58 0.0537
13.6 0.0551
13.62 0.0565
13.64 0.0579
13.66 0.0593
13.68 0.0608
13.7 0.0623
13.72 0.0638
13.74 0.0652
13.76 0.066805
13.78 0.068355
13.8 0.0699
13.82 0.0715
13.84 0.0731
13.86 0.0747
13.88 0.076325
13.9 0.078
13.92 0.0797
13.94 0.0814
13.96 0.0831
13.98 0.0849
14 0.0867
14.02 0.0885
14.04 0.0903
14.06 0.0921
14.08 0.0939
14.1 0.0957
14.12 0.0976
14.14 0.0994
14.16 0.101
14.18 0.103
14.2 0.105
14.22 0.107
14.24 0.109
14.26 0.111
14.28 0.112
14.3 0.114
14.32 0.116
14.34 0.118
14.36 0.12
14.38 0.121
14.4 0.123
14.42 0.125
14.44 0.127
14.46 0.128
14.48 0.13
14.5 0.132
14.52 0.133
14.54 0.135
14.56 0.137
14.58 0.138
14.6 0.14
14.62 0.141
14.64 0.143
14.66 0.144
14.68 0.146
14.7 0.147
14.72 0.149
14.74 0.15
14.76 0.151
14.78 0.153
14.8 0.154
14.82 0.155
14.84 0.157
14.86 0.158
14.88 0.159
14.9 0.16
14.92 0.161
14.94 0.162
14.96 0.163
14.98 0.164
15 0.164
15.02 0.165
15.04 0.166
15.06 0.167
15.08 0.167
15.1 0.168
15.12 0.168
15.14 0.168
15.16 0.169
15.18 0.169
15.2 0.169
15.22 0.17
15.24 0.17
15.26 0.17
15.28 0.17
15.3 0.170115
15.32 0.17015
15.34 0.17015
15.36 0.17
15.38 0.17
15.4 0.17
15.42 0.17
15.44 0.169
15.46 0.169
15.48 0.168
15.5 0.168
15.52 0.167
15.54 0.167
15.56 0.166
15.58 0.166
15.6 0.165
15.62 0.164
15.64 0.164
15.66 0.163
15.68 0.162
15.7 0.161005
15.72 0.16017
15.74 0.159
15.76 0.158
15.78 0.157
15.8 0.156
15.82 0.155
15.84 0.154
15.86 0.152695
15.88 0.151
15.9 0.15
15.92 0.149
15.94 0.148
15.96 0.146
15.98 0.145
16 0.144
16.02 0.142
16.04 0.141
16.06 0.139
16.08 0.138
16.1 0.136
16.12 0.135
16.14 0.133
16.16 0.132
16.18 0.13
16.2 0.129
16.22 0.12713
16.24 0.126
16.26 0.124
16.28 0.1223
16.3 0.120735
16.32 0.119
16.34 0.118
16.36 0.116
16.38 0.114
16.4 0.113
16.42 0.111
16.44 0.109
16.46 0.108
16.48 0.106
16.5 0.105
16.52 0.103
16.54 0.101
16.56 0.0997
16.58 0.0981
16.6 0.0964
16.62 0.0947
16.64 0.09306
16.66 0.091395
16.68 0.08975
16.7 0.088075
16.72 0.0864
16.74 0.0848
16.76 0.0831
16.78 0.0815
16.8 0.0799
16.82 0.0783
16.84 0.0767
16.86 0.075145
16.88 0.073635
16.9 0.07214
16.92 0.070665
16.94 0.069195
16.96 0.067725
16.98 0.06628
17 0.064845
17.02 0.06344
17.04 0.06208
17.06 0.060695
17.08 0.059365
17.1 0.05798
17.12 0.0566
17.14 0.0553
17.16 0.054
17.18 0.0526
17.2 0.0513
17.22 0.05
17.24 0.04874
17.26 0.04755
17.28 0.046375
17.3 0.0452
17.32 0.044
17.34 0.0428
17.36 0.0417
17.38 0.0406
17.4 0.0395
17.42 0.0384
17.44 0.0373
17.46 0.0363
17.48 0.0352
17.5 0.0342
17.52 0.0332
17.54 0.0323
17.56 0.0314
17.58 0.0305
17.6 0.02952
17.62 0.028605
17.64 0.027705
17.66 0.02688
17.68 0.026
17.7 0.0252
17.72 0.0243
17.74 0.0235
17.76 0.02268
17.78 0.021885
17.8 0.02118
17.82 0.020535
17.84 0.019895
17.86 0.0192
17.88 0.0186
17.9 0.0179
17.92 0.0172
17.94 0.0165
17.96 0.0158
17.98 0.0151
18 0.0144
18.02 0.0137
18.04 0.0131
18.06 0.0126
18.08 0.012
18.1 0.0115
18.12 0.0111
18.14 0.0106
18.16 0.0102
18.18 0.00973
18.2 0.00929
18.22 0.00888
18.24 0.00845
18.26 0.00802
18.28 0.00767
18.3 0.00727
18.32 0.00686
18.34 0.00642
18.36 0.006
18.38 0.00566
18.4 0.00533
18.42 0.00494
18.44 0.00458
18.46 0.004285
18.48 0.003965
18.5 0.0037
18.52 0.00344
18.54 0.0032
18.56 0.00295
18.58 0.00272
18.6 0.00247
18.62 0.00222
18.64 0.00196
18.66 0.00173
18.68 0.00153
18.7 0.00133
18.72 0.00108
18.74 0.000795
18.76 0.00055
18.78 0.000325
18.8 0.00014
18.82 -3.5e-05
18.84 -0.00022
18.86 -0.000395
18.88 -0.00056
18.9 -0.000695
18.92 -0.00076
18.94 -0.000865
18.96 -0.000975
18.98 -0.00107
19 -0.00109
19.02 -0.00117
19.04 -0.001245
19.06 -0.001275
19.08 -0.00132
19.1 -0.00139
19.12 -0.00142
19.14 -0.00143
19.16 -0.00144
19.18 -0.00149
19.2 -0.00153
19.22 -0.00155
19.24 -0.00153
19.26 -0.00153
19.28 -0.00158
19.3 -0.00155
19.32 -0.00152
19.34 -0.00151
19.36 -0.00153
19.38 -0.001515
19.4 -0.00152
19.42 -0.00152
19.44 -0.00151
19.46 -0.00151
19.48 -0.00149
19.5 -0.00148
19.52 -0.00145
19.54 -0.00138
19.56 -0.0013
19.58 -0.00124
19.6 -0.00119
19.62 -0.00106
19.64 -0.000935
19.66 -0.000825
19.68 -7e-04
19.7 -0.000545
19.72 -0.000435
19.74 -0.00028
19.76 -0.00012
19.78 1e-05
19.8 2e-04
19.82 3e-04
19.84 0.00039
19.86 0.000485
19.88 6e-04
19.9 0.000805
19.92 0.000945
19.94 0.00101
19.96 0.00109
19.98 0.00124
20 0.00136
20.02 0.00144
20.04 0.00154
20.06 0.00169
20.08 0.00184
20.1 0.00198
20.12 0.00216
20.14 0.00242
20.16 0.002655
20.18 0.00285
20.2 0.00303
20.22 0.00322
20.24 0.003465
20.26 0.0037
20.28 0.003945
20.3 0.00417
20.32 0.00436
20.34 0.00456
20.36 0.00473
20.38 0.00494
20.4 0.0051
20.42 0.00526
20.44 0.005435
20.46 0.005605
20.48 0.00571
20.5 0.00587
20.52 0.00603
20.54 0.00619
20.56 0.00636
20.58 0.006495
20.6 0.00667
20.62 0.0068
20.64 0.00696
20.66 0.00717
20.68 0.00742
20.7 0.007645
20.72 0.007905
20.74 0.00812
20.76 0.00833
20.78 0.00861
20.8 0.00884
20.82 0.00913
20.84 0.00937
20.86 0.00962
20.88 0.00987
20.9 0.0101
20.92 0.0104
20.94 0.0106
20.96 0.0109
20.98 0.0111
21 0.011305
21.02 0.011525
21.04 0.0117
21.06 0.0119
21.08 0.0122
21.1 0.0124
21.12 0.0126
21.14 0.0128
21.16 0.0131
21.18 0.0133
21.2 0.0135
21.22 0.01378
21.24 0.014
21.26 0.0143
21.28 0.0145
21.3 0.0148
21.32 0.015015
21.34 0.0153
21.36 0.0156
21.38 0.0158
21.4 0.0161
21.42 0.0164
21.44 0.0166
21.46 0.0168
21.48 0.017
21.5 0.0173
21.52 0.0175
21.54 0.0177
21.56 0.0178
21.58 0.018
21.6 0.0182
21.62 0.0183
21.64 0.0185
21.66 0.0187
21.68 0.0188
21.7 0.0189
21.72 0.0191
21.74 0.0192
21.76 0.0193
21.78 0.0194
21.8 0.0196
21.82 0.0197
21.84 0.0199
21.86 0.0201
21.88 0.0202
21.9 0.0204
21.92 0.0206
21.94 0.0208
21.96 0.0209
21.98 0.0211
22 0.0213
22.02 0.0214
22.04 0.0216
22.06 0.0218
22.08 0.021955
22.1 0.022135
22.12 0.0223
22.14 0.0225
22.16 0.0227
22.18 0.0228
22.2 0.0229
22.22 0.023
22.24 0.0231
22.26 0.0232
22.28 0.0233
22.3 0.0234
22.32 0.0234
22.34 0.0235
22.36 0.0235
22.38 0.0236
22.4 0.0236
22.42 0.023735
22.44 0.023825
22.46 0.023915
22.48 0.024
22.5 0.0241
22.52 0.0242
22.54 0.0243
22.56 0.0244
22.58 0.0246
22.6 0.0247
22.62 0.02484
22.64 0.024965
22.66 0.02508
22.68 0.02525
22.7 0.025395
22.72 0.025525
22.74 0.025655
22.76 0.0257
22.78 0.0258
22.8 0.0259
22.82 0.026
22.84 0.0261
22.86 0.0261
22.88 0.0262
22.9 0.0262
22.92 0.0262
22.94 0.0262
22.96 0.0263
22.98 0.0263
23 0.0263
23.02 0.0264
23.04 0.0264
23.06 0.0264
23.08 0.0265
23.1 0.0266
23.12 0.0266
23.14 0.0266
23.16 0.0267
23.18 0.0267
23.2 0.0268
23.22 0.0268
23.24 0.0269
23.26 0.027
23.28 0.027
23.3 0.027
23.32 0.0271
23.34 0.0271
23.36 0.0272
23.38 0.0273
23.4 0.0273
23.42 0.0274
23.44 0.0275
23.46 0.0276
23.48 0.0277
23.5 0.0277
23.52 0.0278
23.54 0.0279
23.56 0.028
23.58 0.028
23.6 0.028
23.62 0.028
23.64 0.0281
23.66 0.0281
23.68 0.0281
23.7 0.028
23.72 0.028
23.74 0.028
23.76 0.028
23.78 0.028
23.8 0.028
23.82 0.0281
23.84 0.0281
23.86 0.0282
23.88 0.0282
23.9 0.0283
23.92 0.0283
23.94 0.0283
23.96 0.0283
23.98 0.0283
24 0.0283
24.02 0.0283
24.04 0.0283
24.06 0.0283
24.08 0.0282
24.1 0.0283
24.12 0.0283
24.14 0.0283
24.16 0.0284
24.18 0.0284
24.2 0.0284
24.22 0.0284
24.24 0.0284
24.26 0.0283
24.28 0.0283
24.3 0.0283
24.32 0.0283
24.34 0.0282
24.36 0.0282
24.38 0.0282
24.4 0.0281
24.42 0.0281
24.44 0.0281
24.46 0.028
24.48 0.0281
24.5 0.028
24.52 0.028
24.54 0.028
24.56 0.028
24.58 0.028
24.6 0.028
24.62 0.0279
24.64 0.0279
24.66 0.0278
24.68 0.0278
24.7 0.0277
24.72 0.02766
24.74 0.027615
24.76 0.02753
24.78 0.027495
24.8 0.0274
24.82 0.0274
24.84 0.0273
24.86 0.0273
24.88 0.0272
24.9 0.0271
24.92 0.0271
24.94 0.027
24.96 0.027
24.98 0.02692
25 0.026875
25.02 0.02684
25.04 0.02679
25.06 0.02672
25.08 0.02669
25.1 0.02657
25.12 0.02646
25.14 0.02635
25.16 0.02628
25.18 0.026175
25.2 0.02611
25.22 0.025985
25.24 0.025855
25.26 0.025725
25.28 0.02561
25.3 0.025525
25.32 0.02542
25.34 0.025325
25.36 0.025235
25.38 0.025145
25.4 0.02504
25.42 0.02494
25.44 0.024825
25.46 0.02471
25.48 0.024625
25.5 0.02456
25.52 0.024495
25.54 0.02442
25.56 0.02429
25.58 0.024175
25.6 0.02406
25.62 0.023965
25.64 0.023885
25.66 0.02379
25.68 0.02364
25.7 0.023535
25.72 0.023455
25.74 0.02335
25.76 0.023215
25.78 0.0231
25.8 0.022945
25.82 0.0228
25.84 0.022705
25.86 0.02257
25.88 0.022375
25.9 0.02224
25.92 0.02211
25.94 0.022005
25.96 0.021875
25.98 0.02175
26 0.02163
26.02 0.021485
26.04 0.021375
26.06 0.021305
26.08 0.021195
26.1 0.02104
26.12 0.02094
26.14 0.020795
26.16 0.020665
26.18 0.020525
26.2 0.02041
26.22 0.020315
26.24 0.020185
26.26 0.020075
26.28 0.019985
26.3 0.019885
26.32 0.019795
26.34 0.019695
26.36 0.019585
26.38 0.019525
26.4 0.01945
26.42 0.01939
26.44 0.019295
26.46 0.01919
26.48 0.019105
26.5 0.019035
26.52 0.01896
26.54 0.01885
26.56 0.01871
26.58 0.01858
26.6 0.018485
26.62 0.018405
26.64 0.018305
26.66 0.01819
26.68 0.01812
26.7 0.018045
26.72 0.01799
26.74 0.017915
26.76 0.017835
26.78 0.017735
26.8 0.017615
26.82 0.01754
26.84 0.01746
26.86 0.017395
26.88 0.01732
26.9 0.01726
26.92 0.01719
26.94 0.017155
26.96 0.01717
26.98 0.01712
27 0.017065
27.02 0.01704
27.04 0.016995
27.06 0.016975
27.08 0.01699
27.1 0.016945
27.12 0.01691
27.14 0.016825
27.16 0.016785
27.18 0.016715
27.2 0.01667
27.22 0.016635
27.24 0.016615
27.26 0.01658
27.28 0.016545
27.3 0.01653
27.32 0.0165
27.34 0.016475
27.36 0.01644
27.38 0.0164
27.4 0.016385
27.42 0.016345
27.44 0.01634
27.46 0.01631
27.48 0.01627
27.5 0.016275
27.52 0.01628
27.54 0.016225
27.56 0.016155
27.58 0.016155
27.6 0.016105
27.62 0.01611
27.64 0.0161
27.66 0.01608
27.68 0.01606
27.7 0.01603
27.72 0.016025
27.74 0.01604
27.76 0.016005
27.78 0.015965
27.8 0.01594
27.82 0.015955
27.84 0.01596
27.86 0.015965
27.88 0.015975
27.9 0.015945
27.92 0.01596
27.94 0.015985
27.96 0.015985
27.98 0.01602
28 0.016005
28.02 0.01598
28.04 0.016025
28.06 0.016035
28.08 0.01605
28.1 0.016065
28.12 0.016105
28.14 0.016105
28.16 0.01606
28.18 0.016045
28.2 0.016065
28.22 0.016055
28.24 0.01603
28.26 0.016005
28.28 0.016
28.3 0.015975
28.32 0.01597
28.34 0.01597
28.36 0.015985
28.38 0.016
28.4 0.01596
28.42 0.01594
28.44 0.015935
28.46 0.01599
28.48 0.01601
28.5 0.016015
28.52 0.016045
28.54 0.016095
28.56 0.01613
28.58 0.016155
28.6 0.016165
28.62 0.01619
28.64 0.016255
28.66 0.016285
28.68 0.01628
28.7 0.01629
28.72 0.01631
28.74 0.016385
28.76 0.01638
28.78 0.01637
28.8 0.016355
28.82 0.01637
28.84 0.01637
28.86 0.01639
28.88 0.016415
28.9 0.01642
28.92 0.01644
28.94 0.01645
28.96 0.016445
28.98 0.01649
29 0.01651
29.02 0.016575
29.04 0.016575
29.06 0.01657
29.08 0.016575
29.1 0.01663
29.12 0.016655
29.14 0.01671
29.16 0.016765
29.18 0.016805
29.2 0.016875
29.22 0.01691
29.24 0.01694
29.26 0.01695
29.28 0.01696
29.3 0.017
29.32 0.017045
29.34 0.01706
29.36 0.01711
29.38 0.01717
29.4 0.017225
29.42 0.01726
29.44 0.01733
29.46 0.017365
29.48 0.01741
29.5 0.017425
29.52 0.017495
29.54 0.017555
29.56 0.01758
29.58 0.017635
29.6 0.01769
29.62 0.01778
29.64 0.017825
29.66 0.01791
29.68 0.01797
29.7 0.018015
29.72 0.01807
29.74 0.018095
29.76 0.01812
29.78 0.018165
29.8 0.01819
29.82 0.018205
29.84 0.018235
29.86 0.018225
29.88 0.018215
29.9 0.01826
29.92 0.01832
29.94 0.018385
29.96 0.018415
29.98 0.018435
30 0.01847
30.02 0.018505
30.04 0.018605
30.06 0.01865
30.08 0.018675
30.1 0.0187
30.12 0.018765
30.14 0.01882
30.16 0.018895
30.18 0.018935
30.2 0.018965
30.22 0.019035
30.24 0.019125
30.26 0.019205
30.28 0.01924
30.3 0.01928
30.32 0.01932
30.34 0.019415
30.36 0.01949
30.38 0.01953
30.4 0.019545
30.42 0.019585
30.44 0.01966
30.46 0.019725
30.48 0.019815
30.5 0.01989
30.52 0.019955
30.54 0.019975
30.56 0.020015
30.58 0.02008
30.6 0.02018
30.62 0.02025
30.64 0.020285
30.66 0.02033
30.68 0.02041
30.7 0.02045
30.72 0.02053
30.74 0.02056
30.76 0.02057
30.78 0.02058
30.8 0.020595
30.82 0.020655
30.84 0.02071
30.86 0.020735
30.88 0.020785
30.9 0.020805
30.92 0.020845
30.94 0.02089
30.96 0.020885
30.98 0.020935
31 0.020985
31.02 0.02105
31.04 0.02108
31.06 0.021105
31.08 0.02114
31.1 0.0212
31.12 0.021275
31.14 0.021315
31.16 0.02136
31.18 0.021385
31.2 0.02146
31.22 0.021485
31.24 0.021515
31.26 0.021575
31.28 0.021585
31.3 0.02162
31.32 0.021635
31.34 0.021695
31.36 0.02174
31.38 0.02179
31.4 0.02183
31.42 0.021855
31.44 0.021925
31.46 0.02197
31.48 0.02202
31.5 0.022085
31.52 0.02215
31.54 0.02222
31.56 0.0223
31.58 0.022335
31.6 0.02234
31.62 0.022355
31.64 0.0224
31.66 0.02245
31.68 0.022505
31.7 0.02253
31.72 0.022525
31.74 0.02249
31.76 0.02249
31.78 0.0225
31.8 0.02252
31.82 0.02249
31.84 0.02247
31.86 0.022405
31.88 0.022425
31.9 0.02242
31.92 0.022405
31.94 0.02238
31.96 0.022365
31.98 0.02235
32 0.022385
32.02 0.0224
32.04 0.022415
32.06 0.022405
32.08 0.02243
32.1 0.022475
32.12 0.022505
32.14 0.02252
32.16 0.022565
32.18 0.022605
32.2 0.022655
32.22 0.022655
32.24 0.022695
32.26 0.022765
32.28 0.022785
32.3 0.022855
32.32 0.022855
32.34 0.02286
32.36 0.0229
32.38 0.022865
32.4 0.022885
32.42 0.022855
32.44 0.022845
32.46 0.02283
32.48 0.02285
32.5 0.02282
32.52 0.0228
32.54 0.02279
32.56 0.022785
32.58 0.022815
32.6 0.022785
32.62 0.02275
32.64 0.022725
32.66 0.02275
32.68 0.022765
32.7 0.02272
32.72 0.022705
32.74 0.022695
32.76 0.02267
32.78 0.02267
32.8 0.02269
32.82 0.02269
32.84 0.02269
32.86 0.022685
32.88 0.022665
32.9 0.022715
32.92 0.02272
32.94 0.02274
32.96 0.022765
32.98 0.022775
33 0.022765
33.02 0.022745
33.04 0.022685
33.06 0.022645
33.08 0.02265
33.1 0.0226
33.12 0.022565
33.14 0.02255
33.16 0.02253
33.18 0.022575
33.2 0.02259
33.22 0.022555
33.24 0.02255
33.26 0.02254
33.28 0.022525
33.3 0.02256
33.32 0.02257
33.34 0.02257
33.36 0.02259
33.38 0.02259
33.4 0.02262
33.42 0.02266
33.44 0.02266
33.46 0.022615
33.48 0.022575
33.5 0.022585
33.52 0.02254
33.54 0.022545
33.56 0.0225
33.58 0.02252
33.6 0.022525
33.62 0.02254
33.64 0.022585
33.66 0.022575
33.68 0.0226
33.7 0.02261
33.72 0.022625
33.74 0.022695
33.76 0.02271
33.78 0.02269
33.8 0.022675
33.82 0.022655
33.84 0.02262
33.86 0.02263
33.88 0.02262
33.9 0.02258
33.92 0.02253
33.94 0.022475
33.96 0.022455
33.98 0.02248
34 0.02246
34.02 0.022425
34.04 0.022365
34.06 0.02237
34.08 0.022385
34.1 0.022385
34.12 0.022405
34.14 0.022435
34.16 0.022435
34.18 0.02246
34.2 0.022515
34.22 0.022565
34.24 0.022595
34.26 0.02262
34.28 0.02262
34.3 0.022585
34.32 0.022615
34.34 0.02264
34.36 0.022635
34.38 0.02267
34.4 0.022675
34.42 0.022645
34.44 0.02259
34.46 0.022595
34.48 0.022585
34.5 0.02255
34.52 0.02253
34.54 0.022465
34.56 0.022445
34.58 0.022455
34.6 0.022465
34.62 0.02246
34.64 0.02244
34.66 0.0224
34.68 0.022395
34.7 0.022465
34.72 0.0225
34.74 0.022505
34.76 0.02248
34.78 0.022475
34.8 0.022475
34.82 0.022455
34.84 0.022425
34.86 0.02245
34.88 0.022465
34.9 0.02247
34.92 0.022485
34.94 0.02249
34.96 0.022535
34.98 0.02257
35 0.02259
35.02 0.022585
35.04 0.02258
35.06 0.022615
35.08 0.0226
35.1 0.022575
35.12 0.02258
35.14 0.02257
35.16 0.0225
35.18 0.022505
35.2 0.022485
35.22 0.0225
35.24 0.02254
35.26 0.02251
35.28 0.02252
35.3 0.02252
35.32 0.02252
35.34 0.02249
35.36 0.022555
35.38 0.022575
35.4 0.022615
35.42 0.02261
35.44 0.02257
35.46 0.022585
35.48 0.02262
35.5 0.02265
35.52 0.0227
35.54 0.022685
35.56 0.02269
35.58 0.02268
35.6 0.02272
35.62 0.022745
35.64 0.02274
35.66 0.022725
35.68 0.022725
35.7 0.02273
35.72 0.02274
35.74 0.022715
35.76 0.022745
35.78 0.02272
35.8 0.0227
35.82 0.02269
35.84 0.02268
35.86 0.022645
35.88 0.022655
35.9 0.022635
35.92 0.022625
35.94 0.02258
35.96 0.02257
35.98 0.022565
36 0.02257
36.02 0.02254
36.04 0.0225
36.06 0.02251
36.08 0.022525
36.1 0.022545
36.12 0.022525
36.14 0.02257
36.16 0.022555
36.18 0.022565
36.2 0.02255
36.22 0.022555
36.24 0.022565
36.26 0.02257
36.28 0.02259
36.3 0.022565
36.32 0.02257
36.34 0.02253
36.36 0.02251
36.38 0.022535
36.4 0.022525
36.42 0.02249
36.44 0.022465
36.46 0.02241
36.48 0.02239
36.5 0.02238
36.52 0.02236
36.54 0.022365
36.56 0.022365
36.58 0.02234
36.6 0.022315
36.62 0.022295
36.64 0.02236
36.66 0.022365
36.68 0.02235
36.7 0.022395
36.72 0.022385
36.74 0.02239
36.76 0.022375
36.78 0.022305
36.8 0.022275
36.82 0.022305
36.84 0.0223
36.86 0.022295
36.88 0.02229
36.9 0.0223
36.92 0.02228
36.94 0.0223
36.96 0.02226
36.98 0.022245
37 0.02224
37.02 0.022195
37.04 0.022215
37.06 0.02221
37.08 0.022165
37.1 0.022125
37.12 0.02213
37.14 0.022155
37.16 0.022105
37.18 0.022125
37.2 0.02211
37.22 0.0221
37.24 0.022105
37.26 0.022075
37.28 0.022065
37.3 0.022045
37.32 0.02204
37.34 0.022015
37.36 0.022005
37.38 0.022015
37.4 0.02201
37.42 0.02194
37.44 0.021885
37.46 0.02189
37.48 0.021875
37.5 0.02189
37.52 0.021915
37.54 0.021915
37.56 0.021935
37.58 0.021945
37.6 0.021935
37.62 0.021955
37.64 0.021965
37.66 0.02197
37.68 0.021995
37.7 0.022035
37.72 0.022015
37.74 0.022
37.76 0.02195
37.78 0.02195
37.8 0.021985
37.82 0.02198
37.84 0.021975
37.86 0.021945
37.88 0.02195
37.9 0.021935
37.92 0.02189
37.94 0.02186
37.96 0.021855
37.98 0.021865
38 0.0218
38.02 0.021755
38.04 0.02173
38.06 0.021725
38.08 0.0217
38.1 0.021645
38.12 0.021635
38.14 0.021625
38.16 0.021635
38.18 0.02159
38.2 0.021575
38.22 0.02154
38.24 0.02152
38.26 0.02154
38.28 0.02155
38.3 0.02153
38.32 0.02151
38.34 0.02148
38.36 0.021505
38.38 0.021455
38.4 0.021455
38.42 0.021435
38.44 0.021435
38.46 0.021455
38.48 0.02151
38.5 0.02156
38.52 0.02156
38.54 0.021545
38.56 0.02161
38.58 0.02164
38.6 0.02163
38.62 0.021695
38.64 0.02172
38.66 0.02174
38.68 0.021745
38.7 0.02178
38.72 0.021775
38.74 0.021795
38.76 0.02187
38.78 0.021915
38.8 0.02195
38.82 0.02202
38.84 0.02211
38.86 0.02217
38.88 0.022315
38.9 0.022435
38.92 0.022565
38.94 0.022685
38.96 0.022805
38.98 0.02297
39 0.023085
39.02 0.02319
39.04 0.023335
39.06 0.02351
39.08 0.023725
39.1 0.02388
39.12 0.024095
39.14 0.024255
39.16 0.024415
39.18 0.02462
39.2 0.024835
39.22 0.025035
39.24 0.02524
39.26 0.02545
39.28 0.0257
39.3 0.02593
39.32 0.02622
39.34 0.02649
39.36 0.026765
39.38 0.027025
39.4 0.027365
39.42 0.02768
39.44 0.02798
39.46 0.028275
39.48 0.02863
39.5 0.02891
39.52 0.02931
39.54 0.02971
39.56 0.030085
39.58 0.030485
39.6 0.03093
39.62 0.031385
39.64 0.031875
39.66 0.03233
39.68 0.03283
39.7 0.03329
39.72 0.03382
39.74 0.03437
39.76 0.034895
39.78 0.03545
39.8 0.036035
39.82 0.036625
39.84 0.03724
39.86 0.03789
39.88 0.038505
39.9 0.039095
39.92 0.03974
39.94 0.040425
39.96 0.04112
39.98 0.04178
40 0.04247
40.02 0.043195
40.04 0.04389
40.06 0.04461
40.08 0.045405
40.1 0.0462
40.12 0.04702
40.14 0.04784
40.16 0.048645
40.18 0.049475
40.2 0.05033
40.22 0.051185
40.24 0.052095
40.26 0.052975
40.28 0.05387
40.3 0.05476
40.32 0.0557
40.34 0.056635
40.36 0.05762
40.38 0.058595
40.4 0.059595
40.42 0.060535
40.44 0.061475
40.46 0.06244
40.48 0.06339
40.5 0.06439
40.52 0.06539
40.54 0.066395
40.56 0.067375
40.58 0.068375
40.6 0.069325
40.62 0.07029
40.64 0.071285
40.66 0.072225
40.68 0.073115
40.7 0.074025
40.72 0.07495
40.74 0.07584
40.76 0.0767
40.78 0.07756
40.8 0.07837
40.82 0.07921
40.84 0.08
40.86 0.080755
40.88 0.08147
40.9 0.08219
40.92 0.0829
40.94 0.083595
40.96 0.08425
40.98 0.084875
41 0.08547
41.02 0.086065
41.04 0.08664
41.06 0.08713
41.08 0.08759
41.1 0.088005
41.12 0.08841
41.14 0.088755
41.16 0.089045
41.18 0.08932
41.2 0.089495
41.22 0.089645
41.24 0.08976
41.26 0.089855
41.28 0.08991
41.3 0.089915
41.32 0.089885
41.34 0.089775
41.36 0.089635
41.38 0.089455
41.4 0.08927
41.42 0.089025
41.44 0.088695
41.46 0.08832
41.48 0.08787
41.5 0.087455
41.52 0.08699
41.54 0.086495
41.56 0.085935
41.58 0.08529
41.6 0.084685
41.62 0.084055
41.64 0.08343
41.66 0.08272
41.68 0.08199
41.7 0.081205
41.72 0.08047
41.74 0.07969
41.76 0.078875
41.78 0.078
41.8 0.07718
41.82 0.07632
41.84 0.0754
41.86 0.074505
41.88 0.073585
41.9 0.07269
41.92 0.071805
41.94 0.070865
41.96 0.069905
41.98 0.06894
42 0.068015
42.02 0.067065
42.04 0.06612
42.06 0.06517
42.08 0.06424
42.1 0.06329
42.12 0.06235
42.14 0.06142
42.16 0.060515
42.18 0.05967
42.2 0.0588
42.22 0.057975
42.24 0.05713
42.26 0.056345
42.28 0.055565
42.3 0.054825
42.32 0.05412
42.34 0.053405
42.36 0.05277
42.38 0.052175
42.4 0.051585
42.42 0.05107
42.44 0.050565
42.46 0.050085
42.48 0.04966
42.5 0.049285
42.52 0.048935
42.54 0.048645
42.56 0.048385
42.58 0.048145
42.6 0.04798
42.62 0.0479
42.64 0.047805
42.66 0.04779
42.68 0.04779
42.7 0.047775
42.72 0.047845
42.74 0.047915
42.76 0.048075
42.78 0.048205
42.8 0.04843
42.82 0.048685
42.84 0.04896
42.86 0.04928
42.88 0.04966
42.9 0.050035
42.92 0.050455
42.94 0.05088
42.96 0.05133
42.98 0.0518
43 0.05226
43.02 0.052755
43.04 0.053285
43.06 0.053825
43.08 0.05436
43.1 0.05492
43.12 0.05546
43.14 0.056075
43.16 0.05669
43.18 0.05727
43.2 0.05786
43.22 0.05839
43.24 0.05895
43.26 0.05951
43.28 0.06007
43.3 0.06063
43.32 0.061165
43.34 0.061675
43.36 0.06215
43.38 0.06256
43.4 0.06302
43.42 0.06345
43.44 0.0639
43.46 0.064285
43.48 0.06469
43.5 0.065025
43.52 0.065405
43.54 0.06576
43.56 0.066095
43.58 0.06642
43.6 0.06669
43.62 0.066975
43.64 0.067245
43.66 0.06751
43.68 0.067795
43.7 0.06804
43.72 0.0683
43.74 0.06853
43.76 0.06873
43.78 0.06899
43.8 0.069195
43.82 0.06942
43.84 0.069675
43.86 0.069925
43.88 0.07019
43.9 0.070465
43.92 0.07073
43.94 0.070965
43.96 0.07126
43.98 0.071515
44 0.071835
44.02 0.07214
44.04 0.07241
44.06 0.072725
44.08 0.07303
44.1 0.073325
44.12 0.07364
44.14 0.07398
44.16 0.07435
44.18 0.07473
44.2 0.07517
44.22 0.07555
44.24 0.075945
44.26 0.07635
44.28 0.0768
44.3 0.07728
44.32 0.07772
44.34 0.07821
44.36 0.078695
44.38 0.079185
44.4 0.07967
44.42 0.08017
44.44 0.08066
44.46 0.081185
44.48 0.081685
44.5 0.082225
44.52 0.08276
44.54 0.08325
44.56 0.083715
44.58 0.084185
44.6 0.084675
44.62 0.0851
44.64 0.08553
44.66 0.08593
44.68 0.086275
44.7 0.08661
44.72 0.086885
44.74 0.087115
44.76 0.0873
44.78 0.087505
44.8 0.08765
44.82 0.087755
44.84 0.08784
44.86 0.08784
44.88 0.087825
44.9 0.087685
44.92 0.08752
44.94 0.087325
44.96 0.08709
44.98 0.086785
45 0.08647
45.02 0.086035
45.04 0.085585
45.06 0.085075
45.08 0.084485
45.1 0.08383
45.12 0.083165
45.14 0.08243
45.16 0.081695
45.18 0.08089
45.2 0.080065
45.22 0.07921
45.24 0.078305
45.26 0.077415
45.28 0.07645
45.3 0.075465
45.32 0.07447
45.34 0.073485
45.36 0.07247
45.38 0.07144
45.4 0.07039
45.42 0.06943
45.44 0.0684
45.46 0.067405
45.48 0.06641
45.5 0.06545
45.52 0.06452
45.54 0.0636
45.56 0.06272
45.58 0.061885
45.6 0.06108
45.62 0.06029
45.64 0.05952
45.66 0.05878
45.68 0.05805
45.7 0.057375
45.72 0.05675
45.74 0.05611
45.76 0.055555
45.78 0.055
45.8 0.05446
45.82 0.05395
45.84 0.05339
45.86 0.052905
45.88 0.052465
45.9 0.052045
45.92 0.05162
45.94 0.0512
45.96 0.050815
45.98 0.050495
46 0.050165
46.02 0.04983
46.04 0.04952
46.06 0.04926
46.08 0.049015
46.1 0.048785
46.12 0.04854
46.14 0.04825
46.16 0.048035
46.18 0.04778
46.2 0.04757
46.22 0.04732
46.24 0.04709
46.26 0.046845
46.28 0.046635
46.3 0.046365
46.32 0.04608
46.34 0.04581
46.36 0.045525
46.38 0.045175
46.4 0.04484
46.42 0.04448
46.44 0.04408
46.46 0.043655
46.48 0.043165
46.5 0.042675
46.52 0.04217
46.54 0.041665
46.56 0.04106
46.58 0.040425
46.6 0.039815
46.62 0.03915
46.64 0.038445
46.66 0.037735
46.68 0.03698
46.7 0.03626
46.72 0.03549
46.74 0.03477
46.76 0.03403
46.78 0.03332
46.8 0.032605
46.82 0.03187
46.84 0.031205
46.86 0.03054
46.88 0.02991
46.9 0.0293
46.92 0.02877
46.94 0.028255
46.96 0.02782
46.98 0.02744
47 0.02715
47.02 0.026855
47.04 0.026665
47.06 0.02652
47.08 0.026465
47.1 0.02646
47.12 0.02653
47.14 0.026665
47.16 0.026875
47.18 0.02717
47.2 0.02748
47.22 0.02788
47.24 0.028305
47.26 0.0288
47.28 0.02932
47.3 0.02992
47.32 0.03054
47.34 0.031185
47.36 0.03185
47.38 0.03255
47.4 0.03324
47.42 0.033955
47.44 0.03462
47.46 0.035385
47.48 0.036105
47.5 0.03677
47.52 0.03745
47.54 0.03805
47.56 0.038665
47.58 0.039205
47.6 0.039685
47.62 0.04012
47.64 0.040455
47.66 0.04078
47.68 0.041
47.7 0.04115
47.72 0.04118
47.74 0.041125
47.76 0.04103
47.78 0.040835
47.8 0.040535
47.82 0.04009
47.84 0.039595
47.86 0.039025
47.88 0.03836
47.9 0.03761
47.92 0.03672
47.94 0.035805
47.96 0.034795
47.98 0.03372
48 0.032565
48.02 0.031365
48.04 0.03011
48.06 0.028755
48.08 0.027325
48.1 0.02587
48.12 0.02439
48.14 0.02292
48.16 0.02142
48.18 0.01992
48.2 0.018415
48.22 0.016875
48.24 0.015355
48.26 0.013875
48.28 0.012445
48.3 0.01108
48.32 0.00977
48.34 0.00858
48.36 0.007395
48.38 0.00634
48.4 0.00533
48.42 0.00444
48.44 0.00366
48.46 0.002995
48.48 0.00246
48.5 0.00204
48.52 0.00174
48.54 0.00157
48.56 0.00156
48.58 0.00167
48.6 0.00193
48.62 0.00226
48.64 0.002695
48.66 0.003235
48.68 0.003865
48.7 0.00461
48.72 0.00549
48.74 0.00647
48.76 0.007525
48.78 0.008625
48.8 0.0098
48.82 0.011005
48.84 0.01228
48.86 0.01354
48.88 0.01485
48.9 0.016185
48.92 0.017525
48.94 0.01884
48.96 0.02011
48.98 0.02134
49 0.022545
49.02 0.02369
49.04 0.02471
49.06 0.02571
49.08 0.026585
49.1 0.02739
49.12 0.028095
49.14 0.028675
49.16 0.02914
49.18 0.029475
49.2 0.029695
49.22 0.02972
49.24 0.029655
49.26 0.02944
49.28 0.02907
49.3 0.02857
49.32 0.027955
49.34 0.02719
49.36 0.02635
49.38 0.02533
49.4 0.024195
49.42 0.022935
49.44 0.021625
49.46 0.02018
49.48 0.01865
49.5 0.017075
49.52 0.015415
49.54 0.013765
49.56 0.01206
49.58 0.010385
49.6 0.00869
49.62 0.006985
49.64 0.005335
49.66 0.00373
49.68 0.00217
49.7 0.000635
49.72 -0.00082
49.74 -0.002155
49.76 -0.00342
49.78 -0.004575
49.8 -0.005625
49.82 -0.00653
49.84 -0.007275
49.86 -0.00787
49.88 -0.008345
49.9 -0.00869
49.92 -0.00887
49.94 -0.00887
49.96 -0.00872
49.98 -0.00843
50 -0.007995
50.02 -0.00742
50.04 -0.006695
50.06 -0.00584
50.08 -0.00485
50.1 -0.00373
50.12 -0.00253
50.14 -0.001305
50.16 3.5e-05
50.18 0.001515
50.2 0.00301
50.22 0.004565
50.24 0.00614
50.26 0.00769
50.28 0.009235
50.3 0.010795
50.32 0.01234
50.34 0.013805
50.36 0.015185
50.38 0.016475
50.4 0.017725
50.42 0.018875
50.44 0.019875
50.46 0.020755
50.48 0.021595
50.5 0.022175
50.52 0.02266
50.54 0.02294
50.56 0.02316
50.58 0.02322
50.6 0.023085
50.62 0.02278
50.64 0.022305
50.66 0.021715
50.68 0.02102
50.7 0.02011
50.72 0.01912
50.74 0.01801
50.76 0.016775
50.78 0.01545
50.8 0.0141
50.82 0.01266
50.84 0.011165
50.86 0.009645
50.88 0.00814
50.9 0.006635
50.92 0.005155
50.94 0.003715
50.96 0.00234
50.98 0.000995
51 -0.00023
51.02 -0.001355
51.04 -0.00231
51.06 -0.0032
51.08 -0.003995
51.1 -0.004635
51.12 -0.005105
51.14 -0.00538
51.16 -0.00558
51.18 -0.0056
51.2 -0.005405
51.22 -0.00505
51.24 -0.004565
51.26 -0.00395
51.28 -0.003115
51.3 -0.00215
51.32 -0.00107
51.34 0.00019
51.36 0.001615
51.38 0.003185
51.4 0.00476
51.42 0.006465
51.44 0.00826
51.46 0.010055
51.48 0.011895
51.5 0.01378
51.52 0.015775
51.54 0.017695
51.56 0.01954
51.58 0.0214
51.6 0.023185
51.62 0.02488
51.64 0.026435
51.66 0.027885
51.68 0.02923
51.7 0.030355
51.72 0.03129
51.74 0.03217
51.76 0.0328
51.78 0.033275
51.8 0.033525
51.82 0.033635
51.84 0.03349
51.86 0.03314
51.88 0.03261
51.9 0.03193
51.92 0.03109
51.94 0.030045
51.96 0.028835
51.98 0.02748
52 0.026035
52.02 0.02449
52.04 0.02286
52.06 0.02117
52.08 0.019385
52.1 0.017605
52.12 0.015825
52.14 0.014075
52.16 0.012395
52.18 0.01076
52.2 0.009165
52.22 0.007665
52.24 0.00631
52.26 0.005055
52.28 0.003895
52.3 0.00288
52.32 0.002035
52.34 0.00135
52.36 0.000815
52.38 0.000485
52.4 0.000355
52.42 0.000365
52.44 0.00056
52.46 0.00099
52.48 0.00157
52.5 0.0023
52.52 0.00313
52.54 0.004095
52.56 0.005225
52.58 0.00659
52.6 0.0081
52.62 0.009655
52.64 0.011275
52.66 0.012955
52.68 0.01472
52.7 0.016525
52.72 0.01832
52.74 0.020065
52.76 0.021785
52.78 0.023465
52.8 0.025175
52.82 0.02671
52.84 0.02817
52.86 0.02951
52.88 0.03066
52.9 0.03168
52.92 0.0325
52.94 0.033105
52.96 0.033575
52.98 0.033785
53 0.03385
53.02 0.033675
53.04 0.033305
53.06 0.032755
53.08 0.03204
53.1 0.031135
53.12 0.03002
53.14 0.028785
53.16 0.027395
53.18 0.02587
53.2 0.024245
53.22 0.02251
53.24 0.020765
53.26 0.018965
53.28 0.017065
53.3 0.01516
53.32 0.01323
53.34 0.011315
53.36 0.009485
53.38 0.00769
53.4 0.006015
53.42 0.00441
53.44 0.002965
53.46 0.001605
53.48 0.00037
53.5 -0.000615
53.52 -0.001515
53.54 -0.00227
53.56 -0.002805
53.58 -0.003145
53.6 -0.00327
53.62 -0.00322
53.64 -0.00299
53.66 -0.002605
53.68 -0.00212
53.7 -0.001455
53.72 -0.000605
53.74 0.000335
53.76 0.001455
53.78 0.00263
53.8 0.003845
53.82 0.00517
53.84 0.006525
53.86 0.00798
53.88 0.009425
53.9 0.010855
53.92 0.012275
53.94 0.013695
53.96 0.015035
53.98 0.01623
54 0.01737
54.02 0.018335
54.04 0.0192
54.06 0.01991
54.08 0.02047
54.1 0.020855
54.12 0.02101
54.14 0.021
54.16 0.020815
54.18 0.020415
54.2 0.01985
54.22 0.019115
54.24 0.018285
54.26 0.017295
54.28 0.016175
54.3 0.014875
54.32 0.013375
54.34 0.01183
54.36 0.01022
54.38 0.00854
54.4 0.00679
54.42 0.005
54.44 0.003185
54.46 0.00133
54.48 -0.00042
54.5 -0.0022
54.52 -0.003885
54.54 -0.005505
54.56 -0.006975
54.58 -0.00835
54.6 -0.00962
54.62 -0.01074
54.64 -0.011785
54.66 -0.012605
54.68 -0.013305
54.7 -0.01384
54.72 -0.01423
54.74 -0.01442
54.76 -0.01445
54.78 -0.014315
54.8 -0.014095
54.82 -0.013685
54.84 -0.01311
54.86 -0.01243
54.88 -0.01163
54.9 -0.01073
54.92 -0.009805
54.94 -0.00882
54.96 -0.00773
54.98 -0.00656
55 -0.005365
55.02 -0.004215
55.04 -0.00308
55.06 -0.001965
55.08 -0.00091
55.1 1e-04
55.12 0.00102
55.14 0.00184
55.16 0.00254
55.18 0.003165
55.2 0.003685
55.22 0.00402
55.24 0.004275
55.26 0.00436
55.28 0.004305
55.3 0.004065
55.32 0.00376
55.34 0.00331
55.36 0.0027
55.38 0.001995
55.4 0.001195
55.42 0.00032
55.44 -0.00068
55.46 -0.001735
55.48 -0.002845
55.5 -0.003955
55.52 -0.00509
55.54 -0.00623
55.56 -0.007325
55.58 -0.008385
55.6 -0.00947
55.62 -0.01049
55.64 -0.011405
55.66 -0.01222
55.68 -0.01294
55.7 -0.01353
55.72 -0.014025
55.74 -0.014415
55.76 -0.014625
55.78 -0.014735
55.8 -0.01477
55.82 -0.01468
55.84 -0.014485
55.86 -0.014155
55.88 -0.01372
55.9 -0.013225
55.92 -0.012645
55.94 -0.01198
55.96 -0.011265
55.98 -0.01042
56 -0.00963
56.02 -0.008745
56.04 -0.00786
56.06 -0.00697
56.08 -0.006115
56.1 -0.005255
56.12 -0.004465
56.14 -0.00372
56.16 -0.00298
56.18 -0.002285
56.2 -0.001685
56.22 -0.00115
56.24 -0.00072
56.26 -0.000405
56.28 -2e-04
56.3 -0.000115
56.32 -0.000105
56.34 -0.00019
56.36 -0.000425
56.38 -0.000735
56.4 -0.001155
56.42 -0.001655
56.44 -0.002205
56.46 -0.002885
56.48 -0.003615
56.5 -0.004375
56.52 -0.005185
56.54 -0.005995
56.56 -0.006855
56.58 -0.007645
56.6 -0.008475
56.62 -0.009195
56.64 -0.009885
56.66 -0.01055
56.68 -0.01115
56.7 -0.011705
56.72 -0.012175
56.74 -0.012575
56.76 -0.01289
56.78 -0.013145
56.8 -0.01326
56.82 -0.01331
56.84 -0.01334
56.86 -0.013245
56.88 -0.01304
56.9 -0.012735
56.92 -0.012405
56.94 -0.01201
56.96 -0.011565
56.98 -0.01106
57 -0.01053
57.02 -0.00994
57.04 -0.009315
57.06 -0.008665
57.08 -0.00801
57.1 -0.007345
57.12 -0.006705
57.14 -0.00602
57.16 -0.00535
57.18 -0.00469
57.2 -0.00403
57.22 -0.00341
57.24 -0.002815
57.26 -0.002295
57.28 -0.001755
57.3 -0.001235
57.32 -0.000735
57.34 -2e-04
57.36 0.00026
57.38 0.000725
57.4 0.001205
57.42 0.001665
57.44 0.00211
57.46 0.00258
57.48 0.003045
57.5 0.00358
57.52 0.004135
57.54 0.00474
57.56 0.00535
57.58 0.006
57.6 0.00667
57.62 0.00732
57.64 0.00804
57.66 0.00873
57.68 0.009485
57.7 0.01022
57.72 0.010925
57.74 0.011645
57.76 0.012335
57.78 0.012955
57.8 0.0136
57.82 0.01416
57.84 0.01473
57.86 0.01518
57.88 0.015555
57.9 0.01596
57.92 0.01634
57.94 0.016625
57.96 0.016825
57.98 0.01697
58 0.017035
58.02 0.01711
58.04 0.0171
58.06 0.01704
58.08 0.016935
58.1 0.016835
58.12 0.01665
58.14 0.016435
58.16 0.016225
58.18 0.01599
58.2 0.015775
58.22 0.015535
58.24 0.015365
58.26 0.01521
58.28 0.01505
58.3 0.01498
58.32 0.01501
58.34 0.01506
58.36 0.015225
58.38 0.01548
58.4 0.015845
58.42 0.016275
58.44 0.0168
58.46 0.017405
58.48 0.0181
58.5 0.018905
58.52 0.01972
58.54 0.020615
58.56 0.0215
58.58 0.02246
58.6 0.02344
58.62 0.024395
58.64 0.025335
58.66 0.02621
58.68 0.027075
58.7 0.027805
58.72 0.028475
58.74 0.02895
58.76 0.02935
58.78 0.02968
58.8 0.02985
58.82 0.02994
58.84 0.029855
58.86 0.02965
58.88 0.029305
58.9 0.02887
58.92 0.02834
58.94 0.027675
58.96 0.026915
58.98 0.026045
59 0.025045
59.02 0.023985
59.04 0.022895
59.06 0.021765
59.08 0.020615
59.1 0.019395
59.12 0.018175
59.14 0.016995
59.16 0.01587
59.18 0.01481
59.2 0.01386
59.22 0.01302
59.24 0.012285
59.26 0.011685
59.28 0.011205
59.3 0.0108
59.32 0.010565
59.34 0.01044
59.36 0.010415
59.38 0.010535
59.4 0.010735
59.42 0.010995
59.44 0.011385
59.46 0.011805
59.48 0.01226
59.5 0.012725
59.52 0.01318
59.54 0.01356
59.56 0.01393
59.58 0.01425
59.6 0.014615
59.62 0.01488
59.64 0.015065
59.66 0.015125
59.68 0.01517
59.7 0.015085
59.72 0.01488
59.74 0.01459
59.76 0.014215
59.78 0.013705
59.8 0.01308
59.82 0.01235
59.84 0.01152
59.86 0.01061
59.88 0.009625
59.9 0.008575
59.92 0.007445
59.94 0.006215
59.96 0.00497
59.98 0.00378
60 0.002595
60.02 0.00142
60.04 0.000335
60.06 -0.000705
60.08 -0.001645
60.1 -0.002495
60.12 -0.00323
60.14 -0.00381
60.16 -0.004275
60.18 -0.00455
60.2 -0.004755
60.22 -0.00482
60.24 -0.00484
60.26 -0.00476
60.28 -0.00456
60.3 -0.00429
60.32 -0.003995
60.34 -0.00365
60.36 -0.003265
60.38 -0.00296
60.4 -0.00266
60.42 -0.00234
60.44 -0.002035
60.46 -0.00176
60.48 -0.001515
60.5 -0.00133
60.52 -0.001245
60.54 -0.00116
60.56 -0.00112
60.58 -0.001165
60.6 -0.001315
60.62 -0.00151
60.64 -0.00177
60.66 -0.00217
60.68 -0.00262
60.7 -0.003165
60.72 -0.00386
60.74 -0.004615
60.76 -0.00548
60.78 -0.00636
60.8 -0.007285
60.82 -0.008265
60.84 -0.009215
60.86 -0.010155
60.88 -0.01108
60.9 -0.01197
60.92 -0.012795
60.94 -0.013545
60.96 -0.014155
60.98 -0.01473
61 -0.01519
61.02 -0.01555
61.04 -0.015865
61.06 -0.01612
61.08 -0.01625
61.1 -0.01634
61.12 -0.016345
61.14 -0.016325
61.16 -0.01619
61.18 -0.01608
61.2 -0.01594
61.22 -0.015815
61.24 -0.01564
61.26 -0.015395
61.28 -0.015155
61.3 -0.01494
61.32 -0.0147
61.34 -0.01447
61.36 -0.014265
61.38 -0.01409
61.4 -0.014045
61.42 -0.01399
61.44 -0.013975
61.46 -0.014055
61.48 -0.01418
61.5 -0.01438
61.52 -0.01465
61.54 -0.015005
61.56 -0.015435
61.58 -0.015855
61.6 -0.0163
61.62 -0.01674
61.64 -0.01721
61.66 -0.017625
61.68 -0.01795
61.7 -0.018195
61.72 -0.018425
61.74 -0.0186
61.76 -0.018745
61.78 -0.018815
61.8 -0.018855
61.82 -0.01887
61.84 -0.018905
61.86 -0.018945
61.88 -0.01899
61.9 -0.019055
61.92 -0.019175
61.94 -0.019335
61.96 -0.019585
61.98 -0.019845
62 -0.020175
62.02 -0.020555
62.04 -0.020945
62.06 -0.021355
62.08 -0.02185
62.1 -0.02241
62.12 -0.022945
62.14 -0.02354
62.16 -0.02418
62.18 -0.02486
62.2 -0.025545
62.22 -0.026245
62.24 -0.026935
62.26 -0.027615
62.28 -0.028285
62.3 -0.028925
62.32 -0.02947
62.34 -0.029935
62.36 -0.03036
62.38 -0.030705
62.4 -0.030945
62.42 -0.03111
62.44 -0.03118
62.46 -0.031095
62.48 -0.03084
62.5 -0.03049
62.52 -0.03001
62.54 -0.02947
62.56 -0.02887
62.58 -0.028145
62.6 -0.027455
62.62 -0.0267
62.64 -0.025975
62.66 -0.02528
62.68 -0.024585
62.7 -0.024015
62.72 -0.02352
62.74 -0.023125
62.76 -0.02286
62.78 -0.02271
62.8 -0.02269
62.82 -0.022865
62.84 -0.023175
62.86 -0.0236
62.88 -0.024215
62.9 -0.025015
62.92 -0.025935
62.94 -0.027025
62.96 -0.02818
62.98 -0.029425
63 -0.03076
63.02 -0.032245
63.04 -0.033685
63.06 -0.035155
63.08 -0.03666
63.1 -0.038105
63.12 -0.039535
63.14 -0.0409
63.16 -0.042115
63.18 -0.043235
63.2 -0.044145
63.22 -0.044905
63.24 -0.0455
63.26 -0.045925
63.28 -0.046145
63.3 -0.04615
63.32 -0.045945
63.34 -0.04555
63.36 -0.04503
63.38 -0.04429
63.4 -0.04347
63.42 -0.04254
63.44 -0.04154
63.46 -0.040525
63.48 -0.03948
63.5 -0.03844
63.52 -0.037435
63.54 -0.03646
63.56 -0.03559
63.58 -0.03477
63.6 -0.03406
63.62 -0.033465
63.64 -0.03302
63.66 -0.03271
63.68 -0.03256
63.7 -0.032415
63.72 -0.03247
63.74 -0.03263
63.76 -0.0329
63.78 -0.03325
63.8 -0.033735
63.82 -0.03424
63.84 -0.034805
63.86 -0.03535
63.88 -0.035925
63.9 -0.03651
63.92 -0.037085
63.94 -0.037575
63.96 -0.038015
63.98 -0.03844
64 -0.03874
64.02 -0.03895
64.04 -0.03907
64.06 -0.03914
64.08 -0.039085
64.1 -0.038965
64.12 -0.038805
64.14 -0.038625
64.16 -0.03846
64.18 -0.038245
64.2 -0.038045
64.22 -0.03787
64.24 -0.03768
64.26 -0.037535
64.28 -0.037385
64.3 -0.03727
64.32 -0.03717
64.34 -0.0371
64.36 -0.037135
64.38 -0.037145
64.4 -0.037175
64.42 -0.037205
64.44 -0.03726
64.46 -0.03737
64.48 -0.03752
64.5 -0.03765
64.52 -0.0378
64.54 -0.037925
64.56 -0.038005
64.58 -0.038035
64.6 -0.038015
64.62 -0.03793
64.64 -0.037775
64.66 -0.03753
64.68 -0.037225
64.7 -0.03684
64.72 -0.03644
64.74 -0.03597
64.76 -0.03543
64.78 -0.034875
64.8 -0.03426
64.82 -0.033605
64.84 -0.032975
64.86 -0.032455
64.88 -0.031855
64.9 -0.031305
64.92 -0.030765
64.94 -0.03036
64.96 -0.030045
64.98 -0.02976
65 -0.029535
65.02 -0.02939
65.04 -0.02936
65.06 -0.029415
65.08 -0.02953
65.1 -0.02967
65.12 -0.029925
65.14 -0.030195
65.16 -0.03057
65.18 -0.030935
65.2 -0.031335
65.22 -0.031695
65.24 -0.03208
65.26 -0.03238
65.28 -0.032685
65.3 -0.032935
65.32 -0.033105
65.34 -0.03321
65.36 -0.03322
65.38 -0.033195
65.4 -0.03308
65.42 -0.03285
65.44 -0.032535
65.46 -0.032225
65.48 -0.031875
65.5 -0.031515
65.52 -0.031125
65.54 -0.03071
65.56 -0.030285
65.58 -0.029895
65.6 -0.029535
65.62 -0.029215
65.64 -0.028905
65.66 -0.028635
65.68 -0.02842
65.7 -0.02824
65.72 -0.0281
65.74 -0.02794
65.76 -0.02786
65.78 -0.027825
65.8 -0.02786
65.82 -0.027905
65.84 -0.027925
65.86 -0.028
65.88 -0.02805
65.9 -0.02813
65.92 -0.02824
65.94 -0.02836
65.96 -0.028495
65.98 -0.02864
66 -0.02876
66.02 -0.02892
66.04 -0.02907
66.06 -0.02921
66.08 -0.02938
66.1 -0.02951
66.12 -0.029625
66.14 -0.029745
66.16 -0.02995
66.18 -0.03016
66.2 -0.03031
66.22 -0.030485
66.24 -0.03059
66.26 -0.03076
66.28 -0.030865
66.3 -0.03103
66.32 -0.03113
66.34 -0.03121
66.36 -0.031235
66.38 -0.031215
66.4 -0.031205
66.42 -0.031175
66.44 -0.031105
66.46 -0.031
66.48 -0.03095
66.5 -0.03085
66.52 -0.030825
66.54 -0.03083
66.56 -0.030815
66.58 -0.03081
66.6 -0.030775
66.62 -0.03079
66.64 -0.0309
66.66 -0.03097
66.68 -0.031115
66.7 -0.03127
66.72 -0.03149
66.74 -0.03166
66.76 -0.03184
66.78 -0.03207
66.8 -0.032325
66.82 -0.0326
66.84 -0.032885
66.86 -0.033145
66.88 -0.033415
66.9 -0.033665
66.92 -0.033935
66.94 -0.034165
66.96 -0.03439
66.98 -0.034545
67 -0.03471
67.02 -0.034885
67.04 -0.03503
67.06 -0.03517
67.08 -0.03528
67.1 -0.035365
67.12 -0.03548
67.14 -0.035575
67.16 -0.035635
67.18 -0.035735
67.2 -0.035765
67.22 -0.03581
67.24 -0.035835
67.26 -0.03578
67.28 -0.03573
67.3 -0.03566
67.32 -0.03549
67.34 -0.035325
67.36 -0.035105
67.38 -0.03484
67.4 -0.034535
67.42 -0.03413
67.44 -0.033715
67.46 -0.0333
67.48 -0.03282
67.5 -0.032315
67.52 -0.031775
67.54 -0.03122
67.56 -0.03072
67.58 -0.030145
67.6 -0.02964
67.62 -0.029135
67.64 -0.02864
67.66 -0.028135
67.68 -0.027645
67.7 -0.02719
67.72 -0.026765
67.74 -0.026405
67.76 -0.02616
67.78 -0.025955
67.8 -0.02583
67.82 -0.02576
67.84 -0.02575
67.86 -0.02583
67.88 -0.025945
67.9 -0.026165
67.92 -0.02644
67.94 -0.02679
67.96 -0.027205
67.98 -0.027605
68 -0.028045
68.02 -0.02852
68.04 -0.02904
68.06 -0.02962
68.08 -0.0302
68.1 -0.03073
68.12 -0.031265
68.14 -0.03178
68.16 -0.03229
68.18 -0.03274
68.2 -0.03319
68.22 -0.03361
68.24 -0.03395
68.26 -0.034285
68.28 -0.03449
68.3 -0.0346
68.32 -0.034635
68.34 -0.0346
68.36 -0.03452
68.38 -0.034335
68.4 -0.034055
68.42 -0.03371
68.44 -0.033255
68.46 -0.032735
68.48 -0.032195
68.5 -0.031585
68.52 -0.030955
68.54 -0.03032
68.56 -0.029585
68.58 -0.028875
68.6 -0.028155
68.62 -0.02742
68.64 -0.02671
68.66 -0.025995
68.68 -0.025275
68.7 -0.024635
68.72 -0.024035
68.74 -0.02352
68.76 -0.023095
68.78 -0.02269
68.8 -0.0224
68.82 -0.022155
68.84 -0.022005
68.86 -0.021965
68.88 -0.02198
68.9 -0.02206
68.92 -0.02223
68.94 -0.022465
68.96 -0.02279
68.98 -0.023165
69 -0.02357
69.02 -0.024005
69.04 -0.02447
69.06 -0.02492
69.08 -0.025375
69.1 -0.025795
69.12 -0.02622
69.14 -0.026615
69.16 -0.026975
69.18 -0.027255
69.2 -0.027475
69.22 -0.02766
69.24 -0.02773
69.26 -0.027795
69.28 -0.027695
69.3 -0.027605
69.32 -0.027395
69.34 -0.02709
69.36 -0.026705
69.38 -0.02624
69.4 -0.02573
69.42 -0.025105
69.44 -0.024445
69.46 -0.0237
69.48 -0.02298
69.5 -0.02219
69.52 -0.021435
69.54 -0.020665
69.56 -0.019885
69.58 -0.01908
69.6 -0.018335
69.62 -0.017635
69.64 -0.01704
69.66 -0.01644
69.68 -0.01586
69.7 -0.015345
69.72 -0.01489
69.74 -0.014515
69.76 -0.014125
69.78 -0.013785
69.8 -0.013465
69.82 -0.01317
69.84 -0.01299
69.86 -0.0128
69.88 -0.01267
69.9 -0.012525
69.92 -0.012435
69.94 -0.01235
69.96 -0.012305
69.98 -0.012275
70 -0.012215
70.02 -0.012205
70.04 -0.01212
70.06 -0.012045
70.08 -0.011945
70.1 -0.0118
70.12 -0.01162
70.14 -0.01144
70.16 -0.01119
70.18 -0.01091
70.2 -0.01057
70.22 -0.0102
70.24 -0.00979
70.26 -0.009305
70.28 -0.00877
70.3 -0.008225
70.32 -0.00767
70.34 -0.00706
70.36 -0.006405
70.38 -0.00572
70.4 -0.005025
70.42 -0.004325
70.44 -0.0036
70.46 -0.00293
70.48 -0.00223
70.5 -0.001525
70.52 -0.00086
70.54 -0.00025
70.56 0.000335
70.58 0.000915
70.6 0.00146
70.62 0.001945
70.64 0.00238
70.66 0.00277
70.68 0.00312
70.7 0.003425
70.72 0.00368
70.74 0.003845
70.76 0.003985
70.78 0.004105
70.8 0.004155
70.82 0.004135
70.84 0.004035
70.86 0.00388
70.88 0.00371
70.9 0.003595
70.92 0.003385
70.94 0.00314
70.96 0.00289
70.98 0.00265
71 0.002505
71.02 0.00235
71.04 0.002245
71.06 0.002215
71.08 0.002265
71.1 0.00243
71.12 0.00263
71.14 0.002965
71.16 0.00337
71.18 0.003845
71.2 0.0044
71.22 0.005045
71.24 0.005775
71.26 0.00658
71.28 0.00742
71.3 0.008295
71.32 0.00921
71.34 0.010065
71.36 0.010905
71.38 0.01174
71.4 0.01257
71.42 0.01333
71.44 0.014015
71.46 0.014655
71.48 0.015215
71.5 0.01568
71.52 0.01608
71.54 0.01639
71.56 0.01659
71.58 0.01677
71.6 0.016885
71.62 0.01694
71.64 0.01698
71.66 0.016965
71.68 0.01682
71.7 0.01671
71.72 0.01655
71.74 0.016385
71.76 0.016185
71.78 0.01593
71.8 0.015685
71.82 0.01545
71.84 0.015295
71.86 0.01512
71.88 0.015
71.9 0.014885
71.92 0.014815
71.94 0.01482
71.96 0.01491
71.98 0.01506
72 0.01529
72.02 0.0156
72.04 0.01592
72.06 0.01634
72.08 0.01686
72.1 0.017365
72.12 0.017885
72.14 0.018415
72.16 0.018975
72.18 0.019525
72.2 0.02007
72.22 0.02057
72.24 0.021075
72.26 0.021505
72.28 0.021895
72.3 0.022285
72.32 0.02256
72.34 0.02284
72.36 0.023105
72.38 0.02329
72.4 0.023405
72.42 0.023545
72.44 0.02362
72.46 0.023675
72.48 0.023675
72.5 0.023645
72.52 0.02357
72.54 0.023505
72.56 0.02343
72.58 0.023315
72.6 0.02317
72.62 0.022985
72.64 0.022795
72.66 0.022635
72.68 0.022425
72.7 0.02225
72.72 0.022065
72.74 0.02192
72.76 0.021785
72.78 0.021655
72.8 0.02153
72.82 0.021445
72.84 0.02141
72.86 0.02136
72.88 0.02132
72.9 0.021325
72.92 0.021365
72.94 0.02145
72.96 0.021585
72.98 0.02173
73 0.021885
73.02 0.022025
73.04 0.02215
73.06 0.02234
73.08 0.02246
73.1 0.02264
73.12 0.02281
73.14 0.023005
73.16 0.023155
73.18 0.023275
73.2 0.02337
73.22 0.023515
73.24 0.02369
73.26 0.023785
73.28 0.023915
73.3 0.02396
73.32 0.023975
73.34 0.023975
73.36 0.023995
73.38 0.023985
73.4 0.023965
73.42 0.023865
73.44 0.023775
73.46 0.023585
73.48 0.023405
73.5 0.02321
73.52 0.0231
73.54 0.022915
73.56 0.022725
73.58 0.02255
73.6 0.02244
73.62 0.022325
73.64 0.02227
73.66 0.02223
73.68 0.02223
73.7 0.022265
73.72 0.022315
73.74 0.02249
73.76 0.02269
73.78 0.022895
73.8 0.023175
73.82 0.02346
73.84 0.02379
73.86 0.0241
73.88 0.024415
73.9 0.02476
73.92 0.025115
73.94 0.025435
73.96 0.02569
73.98 0.025945
74 0.026155
74.02 0.026295
74.04 0.026415
74.06 0.02651
74.08 0.026525
74.1 0.026555
74.12 0.026535
74.14 0.026435
74.16 0.026285
74.18 0.026115
74.2 0.025875
74.22 0.025655
74.24 0.025435
74.26 0.025235
74.28 0.02505
74.3 0.02487
74.32 0.024765
74.34 0.02467
74.36 0.024665
74.38 0.0247
74.4 0.02475
74.42 0.02482
74.44 0.02489
74.46 0.02505
74.48 0.025235
74.5 0.025445
74.52 0.02569
74.54 0.025835
74.56 0.025965
74.58 0.02607
74.6 0.02616
74.62 0.026225
74.64 0.02622
74.66 0.02613
74.68 0.025945
74.7 0.02569
74.72 0.025375
74.74 0.02505
74.76 0.024675
74.78 0.024225
74.8 0.023785
74.82 0.02331
74.84 0.022815
74.86 0.022315
74.88 0.02184
74.9 0.021405
74.92 0.020975
74.94 0.02057
74.96 0.02022
74.98 0.019935
75 0.01969
75.02 0.01944
75.04 0.01924
75.06 0.019115
75.08 0.019015
75.1 0.01898
75.12 0.01897
75.14 0.01898
75.16 0.01895
75.18 0.018975
75.2 0.01895
75.22 0.018895
75.24 0.01881
75.26 0.018745
75.28 0.018645
75.3 0.0185
75.32 0.01829
75.34 0.018105
75.36 0.017815
75.38 0.01752
75.4 0.017175
75.42 0.016795
75.44 0.016465
75.46 0.01612
75.48 0.015745
75.5 0.015385
75.52 0.01505
75.54 0.01475
75.56 0.01446
75.58 0.01426
75.6 0.014055
75.62 0.013865
75.64 0.013745
75.66 0.013685
75.68 0.01361
75.7 0.01352
75.72 0.013465
75.74 0.01347
75.76 0.013465
75.78 0.01343
75.8 0.01341
75.82 0.013365
75.84 0.01329
75.86 0.013235
75.88 0.01314
75.9 0.01303
75.92 0.01286
75.94 0.012705
75.96 0.01253
75.98 0.01234
76 0.0122
76.02 0.01202
76.04 0.01183
76.06 0.011635
76.08 0.011465
76.1 0.01132
76.12 0.0113
76.14 0.011315
76.16 0.01135
76.18 0.01139
76.2 0.01149
76.22 0.01163
76.24 0.01184
76.26 0.012095
76.28 0.012335
76.3 0.01261
76.32 0.01293
76.34 0.01325
76.36 0.01358
76.38 0.01394
76.4 0.014225
76.42 0.014475
76.44 0.01474
76.46 0.01496
76.48 0.01516
76.5 0.01528
76.52 0.015405
76.54 0.015425
76.56 0.015465
76.58 0.015505
76.6 0.015445
76.62 0.015315
76.64 0.01518
76.66 0.015005
76.68 0.01476
76.7 0.014515
76.72 0.014255
76.74 0.01395
76.76 0.01366
76.78 0.01334
76.8 0.013035
76.82 0.012785
76.84 0.01252
76.86 0.012305
76.88 0.012105
76.9 0.01191
76.92 0.01177
76.94 0.011625
76.96 0.01157
76.98 0.011565
77 0.01156
77.02 0.01163
77.04 0.011695
77.06 0.01182
77.08 0.011985
77.1 0.012155
77.12 0.01238
77.14 0.01258
77.16 0.012785
77.18 0.013
77.2 0.01319
77.22 0.01339
77.24 0.013595
77.26 0.013745
77.28 0.013885
77.3 0.01393
77.32 0.013925
77.34 0.013895
77.36 0.013835
77.38 0.01373
77.4 0.013575
77.42 0.013375
77.44 0.013135
77.46 0.012895
77.48 0.012625
77.5 0.01234
77.52 0.012075
77.54 0.011755
77.56 0.011465
77.58 0.011165
77.6 0.010885
77.62 0.010635
77.64 0.01043
77.66 0.01019
77.68 0.010035
77.7 0.009935
77.72 0.009835
77.74 0.009735
77.76 0.009715
77.78 0.0097
77.8 0.00969
77.82 0.00972
77.84 0.00979
77.86 0.00988
77.88 0.009965
77.9 0.010045
77.92 0.010115
77.94 0.010185
77.96 0.010285
77.98 0.010415
78 0.0105
78.02 0.01057
78.04 0.010635
78.06 0.010655
78.08 0.0107
78.1 0.01071
78.12 0.01065
78.14 0.010655
78.16 0.010585
78.18 0.01051
78.2 0.01041
78.22 0.01029
78.24 0.010185
78.26 0.01009
78.28 0.009935
78.3 0.009745
78.32 0.00958
78.34 0.00941
78.36 0.0093
78.38 0.009175
78.4 0.009035
78.42 0.00889
78.44 0.00874
78.46 0.0086
78.48 0.008515
78.5 0.00843
78.52 0.008405
78.54 0.008365
78.56 0.00837
78.58 0.008385
78.6 0.008355
78.62 0.00839
78.64 0.00842
78.66 0.00848
78.68 0.0085
78.7 0.00855
78.72 0.008605
78.74 0.00867
78.76 0.008715
78.78 0.00876
78.8 0.008835
78.82 0.00894
78.84 0.009
78.86 0.009025
78.88 0.00901
78.9 0.00902
78.92 0.00902
78.94 0.00902
78.96 0.00899
78.98 0.008915
79 0.008815
79.02 0.00866
79.04 0.00853
79.06 0.00836
79.08 0.00814
79.1 0.007875
79.12 0.007565
79.14 0.00724
79.16 0.006925
79.18 0.006565
79.2 0.006245
79.22 0.005845
79.24 0.005405
79.26 0.005005
79.28 0.00464
79.3 0.004265
79.32 0.00388
79.34 0.00348
79.36 0.003085
79.38 0.002685
79.4 0.00232
79.42 0.001985
79.44 0.00167
79.46 0.001365
79.48 0.001015
79.5 0.000765
79.52 0.00053
79.54 0.000335
79.56 1e-04
79.58 -6e-05
79.6 -0.00017
79.62 -0.00025
79.64 -0.000275
79.66 -0.000335
79.68 -0.00035
79.7 -0.000355
79.72 -0.000315
79.74 -0.000255
79.76 -0.00018
79.78 -0.000105
79.8 -3.5e-05
79.82 4.5e-05
79.84 2e-04
79.86 0.000335
79.88 0.000495
79.9 0.000645
79.92 0.000805
79.94 0.00093
79.96 0.001115
79.98 0.001215
80 0.001335
80.02 0.001465
80.04 0.001605
80.06 0.00168
80.08 0.00175
80.1 0.00175
80.12 0.00169
80.14 0.00161
80.16 0.00151
80.18 0.00132
80.2 0.00108
80.22 0.000725
80.24 0.000355
80.26 -9.5e-05
80.28 -0.00057
80.3 -0.001095
80.32 -0.001665
80.34 -0.00233
80.36 -0.00299
80.38 -0.003675
80.4 -0.004335
80.42 -0.005045
80.44 -0.00577
80.46 -0.006465
80.48 -0.00715
80.5 -0.007805
80.52 -0.008415
80.54 -0.00899
80.56 -0.009475
80.58 -0.009945
80.6 -0.01035
80.62 -0.01074
80.64 -0.011075
80.66 -0.011375
80.68 -0.01154
80.7 -0.011655
80.72 -0.011705
80.74 -0.01172
80.76 -0.01171
80.78 -0.011645
80.8 -0.011545
80.82 -0.01139
80.84 -0.0112
80.86 -0.010985
80.88 -0.010765
80.9 -0.01055
80.92 -0.01035
80.94 -0.010115
80.96 -0.009905
80.98 -0.00971
81 -0.009505
81.02 -0.009335
81.04 -0.00917
81.06 -0.00907
81.08 -0.00902
81.1 -0.008975
81.12 -0.00892
81.14 -0.008865
81.16 -0.008895
81.18 -0.008955
81.2 -0.00896
81.22 -0.00902
81.24 -0.009095
81.26 -0.009175
81.28 -0.00924
81.3 -0.00928
81.32 -0.00938
81.34 -0.00944
81.36 -0.00957
81.38 -0.00971
81.4 -0.00983
81.42 -0.009915
81.44 -0.010015
81.46 -0.01013
81.48 -0.01026
81.5 -0.010385
81.52 -0.010565
81.54 -0.01072
81.56 -0.010885
81.58 -0.01107
81.6 -0.011325
81.62 -0.01156
81.64 -0.011855
81.66 -0.01214
81.68 -0.012465
81.7 -0.012785
81.72 -0.01313
81.74 -0.013525
81.76 -0.01387
81.78 -0.014245
81.8 -0.014645
81.82 -0.01498
81.84 -0.01529
81.86 -0.01561
81.88 -0.015865
81.9 -0.01608
81.92 -0.016285
81.94 -0.0164
81.96 -0.016465
81.98 -0.01643
82 -0.016405
82.02 -0.016335
82.04 -0.016255
82.06 -0.01608
82.08 -0.015885
82.1 -0.015665
82.12 -0.01541
82.14 -0.015115
82.16 -0.014865
82.18 -0.01467
82.2 -0.014445
82.22 -0.014255
82.24 -0.014065
82.26 -0.013915
82.28 -0.013775
82.3 -0.01371
82.32 -0.013665
82.34 -0.01371
82.36 -0.013745
82.38 -0.01385
82.4 -0.013985
82.42 -0.01416
82.44 -0.014335
82.46 -0.014555
82.48 -0.01477
82.5 -0.015005
82.52 -0.015275
82.54 -0.015535
82.56 -0.01583
82.58 -0.016095
82.6 -0.016375
82.62 -0.01666
82.64 -0.016935
82.66 -0.01717
82.68 -0.01746
82.7 -0.01773
82.72 -0.017995
82.74 -0.01822
82.76 -0.01846
82.78 -0.018655
82.8 -0.018845
82.82 -0.019025
82.84 -0.0192
82.86 -0.019315
82.88 -0.01943
82.9 -0.019495
82.92 -0.019525
82.94 -0.019545
82.96 -0.01959
82.98 -0.0196
83 -0.019605
83.02 -0.01955
83.04 -0.019545
83.06 -0.019475
83.08 -0.01943
83.1 -0.01938
83.12 -0.01935
83.14 -0.019315
83.16 -0.01929
83.18 -0.019255
83.2 -0.01926
83.22 -0.01924
83.24 -0.019235
83.26 -0.019215
83.28 -0.019175
83.3 -0.019205
83.32 -0.01922
83.34 -0.01923
83.36 -0.01923
83.38 -0.019225
83.4 -0.01926
83.42 -0.019245
83.44 -0.0192
83.46 -0.019135
83.48 -0.01906
83.5 -0.019015
83.52 -0.018975
83.54 -0.01891
83.56 -0.018835
83.58 -0.018755
83.6 -0.01867
83.62 -0.018635
83.64 -0.018605
83.66 -0.01855
83.68 -0.01857
83.7 -0.018615
83.72 -0.0187
83.74 -0.018845
83.76 -0.01897
83.78 -0.019205
83.8 -0.019445
83.82 -0.019725
83.84 -0.020015
83.86 -0.02036
83.88 -0.020765
83.9 -0.02112
83.92 -0.021555
83.94 -0.021925
83.96 -0.02235
83.98 -0.022655
84 -0.02301
84.02 -0.023315
84.04 -0.023585
84.06 -0.023815
84.08 -0.02402
84.1 -0.024245
84.12 -0.024405
84.14 -0.02454
84.16 -0.02463
84.18 -0.024695
84.2 -0.02475
84.22 -0.024775
84.24 -0.02483
84.26 -0.02487
84.28 -0.024905
84.3 -0.02492
84.32 -0.024885
84.34 -0.02492
84.36 -0.02491
84.38 -0.024955
84.4 -0.025035
84.42 -0.02514
84.44 -0.025225
84.46 -0.025315
84.48 -0.025465
84.5 -0.02559
84.52 -0.02574
84.54 -0.02591
84.56 -0.026055
84.58 -0.026195
84.6 -0.026315
84.62 -0.02645
84.64 -0.02659
84.66 -0.0267
84.68 -0.026745
84.7 -0.02686
84.72 -0.026915
84.74 -0.026965
84.76 -0.02696
84.78 -0.02692
84.8 -0.026865
84.82 -0.02675
84.84 -0.026605
84.86 -0.02642
84.88 -0.02623
84.9 -0.026015
84.92 -0.02578
84.94 -0.025505
84.96 -0.025215
84.98 -0.024915
85 -0.024625
85.02 -0.02434
85.04 -0.02408
85.06 -0.02383
85.08 -0.023585
85.1 -0.023385
85.12 -0.02323
85.14 -0.023095
85.16 -0.02297
85.18 -0.022955
85.2 -0.02293
85.22 -0.022965
85.24 -0.023035
85.26 -0.02317
85.28 -0.0234
85.3 -0.02368
85.32 -0.024
85.34 -0.024345
85.36 -0.02472
85.38 -0.025145
85.4 -0.025565
85.42 -0.025995
85.44 -0.02641
85.46 -0.026835
85.48 -0.02724
85.5 -0.027655
85.52 -0.02802
85.54 -0.0283
85.56 -0.02849
85.58 -0.028665
85.6 -0.028755
85.62 -0.02883
85.64 -0.028785
85.66 -0.02867
85.68 -0.02849
85.7 -0.028215
85.72 -0.027895
85.74 -0.02751
85.76 -0.027085
85.78 -0.026665
85.8 -0.02621
85.82 -0.025665
85.84 -0.02518
85.86 -0.024635
85.88 -0.02412
85.9 -0.023665
85.92 -0.023255
85.94 -0.022855
85.96 -0.022545
85.98 -0.022285
86 -0.0221
86.02 -0.02202
86.04 -0.021975
86.06 -0.02202
86.08 -0.022115
86.1 -0.022325
86.12 -0.0225
86.14 -0.022765
86.16 -0.023075
86.18 -0.02342
86.2 -0.02383
86.22 -0.024195
86.24 -0.024575
86.26 -0.024965
86.28 -0.025325
86.3 -0.025705
86.32 -0.026045
86.34 -0.02637
86.36 -0.026715
86.38 -0.02699
86.4 -0.027225
86.42 -0.027385
86.44 -0.027535
86.46 -0.02767
86.48 -0.02776
86.5 -0.027775
86.52 -0.027755
86.54 -0.027725
86.56 -0.027655
86.58 -0.027585
86.6 -0.02749
86.62 -0.02737
86.64 -0.02718
86.66 -0.027015
86.68 -0.02684
86.7 -0.026715
86.72 -0.02656
86.74 -0.026385
86.76 -0.02619
86.78 -0.02605
86.8 -0.02596
86.82 -0.025865
86.84 -0.025725
86.86 -0.025595
86.88 -0.02548
86.9 -0.025385
86.92 -0.025275
86.94 -0.02526
86.96 -0.025205
86.98 -0.025145
87 -0.025135
87.02 -0.02513
87.04 -0.02511
87.06 -0.02509
87.08 -0.02509
87.1 -0.025105
87.12 -0.02515
87.14 -0.02518
87.16 -0.0252
87.18 -0.02526
87.2 -0.025395
87.22 -0.025485
87.24 -0.02561
87.26 -0.025745
87.28 -0.02591
87.3 -0.02614
87.32 -0.026355
87.34 -0.026655
87.36 -0.026965
87.38 -0.02728
87.4 -0.027655
87.42 -0.028045
87.44 -0.02847
87.46 -0.02888
87.48 -0.029275
87.5 -0.0297
87.52 -0.0301
87.54 -0.03052
87.56 -0.030935
87.58 -0.03125
87.6 -0.031545
87.62 -0.031835
87.64 -0.032075
87.66 -0.032255
87.68 -0.03233
87.7 -0.032375
87.72 -0.03242
87.74 -0.032425
87.76 -0.03241
87.78 -0.03236
87.8 -0.032225
87.82 -0.032105
87.84 -0.031975
87.86 -0.03184
87.88 -0.03171
87.9 -0.03157
87.92 -0.031425
87.94 -0.03131
87.96 -0.0312
87.98 -0.03113
88 -0.031125
88.02 -0.031075
88.04 -0.031095
88.06 -0.03109
88.08 -0.031145
88.1 -0.031185
88.12 -0.03123
88.14 -0.031375
88.16 -0.03155
88.18 -0.03177
88.2 -0.032
88.22 -0.032245
88.24 -0.03253
88.26 -0.03287
88.28 -0.03323
88.3 -0.033655
88.32 -0.03405
88.34 -0.03446
88.36 -0.03491
88.38 -0.03537
88.4 -0.035775
88.42 -0.03619
88.44 -0.036575
88.46 -0.03694
88.48 -0.03733
88.5 -0.037645
88.52 -0.037905
88.54 -0.038115
88.56 -0.038285
88.58 -0.03841
88.6 -0.03848
88.62 -0.0385
88.64 -0.03849
88.66 -0.03842
88.68 -0.038325
88.7 -0.03817
88.72 -0.037955
88.74 -0.037725
88.76 -0.037525
88.78 -0.03732
88.8 -0.037085
88.82 -0.036895
88.84 -0.036715
88.86 -0.03656
88.88 -0.036425
88.9 -0.036335
88.92 -0.03631
88.94 -0.036315
88.96 -0.036425
88.98 -0.03656
89 -0.03677
89.02 -0.036945
89.04 -0.037165
89.06 -0.037435
89.08 -0.03772
89.1 -0.038075
89.12 -0.038395
89.14 -0.038665
89.16 -0.038895
89.18 -0.039145
89.2 -0.039345
89.22 -0.039535
89.24 -0.03968
89.26 -0.039815
89.28 -0.03987
89.3 -0.0399
89.32 -0.03992
89.34 -0.03991
89.36 -0.0399
89.38 -0.03986
89.4 -0.039795
89.42 -0.03974
89.44 -0.03969
89.46 -0.03966
89.48 -0.039595
89.5 -0.039585
89.52 -0.0396
89.54 -0.0396
89.56 -0.039725
89.58 -0.03982
89.6 -0.039895
89.62 -0.04007
89.64 -0.04029
89.66 -0.040535
89.68 -0.04082
89.7 -0.04114
89.72 -0.04145
89.74 -0.04178
89.76 -0.04212
89.78 -0.042455
89.8 -0.04278
89.82 -0.043095
89.84 -0.04339
89.86 -0.043675
89.88 -0.043935
89.9 -0.044155
89.92 -0.044355
89.94 -0.044555
89.96 -0.044705
89.98 -0.04482
90 -0.04483
90.02 -0.044885
90.04 -0.04491
90.06 -0.044935
90.08 -0.044945
90.1 -0.04488
90.12 -0.04483
90.14 -0.044765
90.16 -0.04471
90.18 -0.044655
90.2 -0.044525
90.22 -0.044465
90.24 -0.04444
90.26 -0.044415
90.28 -0.044415
90.3 -0.04442
90.32 -0.04444
90.34 -0.04447
90.36 -0.044475
90.38 -0.04453
90.4 -0.04455
90.42 -0.044575
90.44 -0.044635
90.46 -0.044675
90.48 -0.044705
90.5 -0.04475
90.52 -0.04481
90.54 -0.04486
90.56 -0.044905
90.58 -0.044975
90.6 -0.04506
90.62 -0.045125
90.64 -0.04521
90.66 -0.045355
90.68 -0.04548
90.7 -0.04563
90.72 -0.04575
90.74 -0.0459
90.76 -0.04608
90.78 -0.0462
90.8 -0.046325
90.82 -0.04654
90.84 -0.046695
90.86 -0.04685
90.88 -0.046975
90.9 -0.047055
90.92 -0.04718
90.94 -0.04731
90.96 -0.047475
90.98 -0.047565
91 -0.047655
91.02 -0.04775
91.04 -0.047825
91.06 -0.047905
91.08 -0.047945
91.1 -0.04804
91.12 -0.04808
91.14 -0.04811
91.16 -0.048125
91.18 -0.04817
91.2 -0.04816
91.22 -0.04816
91.24 -0.04819
91.26 -0.048175
91.28 -0.048195
91.3 -0.04822
91.32 -0.048265
91.34 -0.048255
91.36 -0.04825
91.38 -0.048205
91.4 -0.048165
91.42 -0.04812
91.44 -0.048095
91.46 -0.048025
91.48 -0.04797
91.5 -0.04789
91.52 -0.047825
91.54 -0.04772
91.56 -0.04761
91.58 -0.047495
91.6 -0.047395
91.62 -0.04735
91.64 -0.047325
91.66 -0.04726
91.68 -0.04717
91.7 -0.047185
91.72 -0.047215
91.74 -0.04723
91.76 -0.04734
91.78 -0.047455
91.8 -0.04756
91.82 -0.04767
91.84 -0.04784
91.86 -0.047995
91.88 -0.04813
91.9 -0.048275
91.92 -0.04839
91.94 -0.048485
91.96 -0.04857
91.98 -0.048615
92 -0.048645
92.02 -0.048685
92.04 -0.04868
92.06 -0.048615
92.08 -0.048515
92.1 -0.04835
92.12 -0.048145
92.14 -0.04791
92.16 -0.04769
92.18 -0.047455
92.2 -0.047255
92.22 -0.047005
92.24 -0.046805
92.26 -0.04654
92.28 -0.046345
92.3 -0.046185
92.32 -0.04616
92.34 -0.04612
92.36 -0.046075
92.38 -0.046105
92.4 -0.0462
92.42 -0.04638
92.44 -0.04653
92.46 -0.046745
92.48 -0.04697
92.5 -0.047205
92.52 -0.04749
92.54 -0.04776
92.56 -0.048005
92.58 -0.04822
92.6 -0.048415
92.62 -0.04858
92.64 -0.04868
92.66 -0.048735
92.68 -0.04876
92.7 -0.04865
92.72 -0.048515
92.74 -0.048355
92.76 -0.04814
92.78 -0.04791
92.8 -0.047595
92.82 -0.0473
92.84 -0.04702
92.86 -0.046685
92.88 -0.04642
92.9 -0.046165
92.92 -0.045925
92.94 -0.04577
92.96 -0.045635
92.98 -0.04558
93 -0.045555
93.02 -0.04565
93.04 -0.04573
93.06 -0.045915
93.08 -0.04616
93.1 -0.046365
93.12 -0.046665
93.14 -0.046985
93.16 -0.04739
93.18 -0.04781
93.2 -0.04826
93.22 -0.048675
93.24 -0.049125
93.26 -0.04951
93.28 -0.0499
93.3 -0.05023
93.32 -0.050545
93.34 -0.05081
93.36 -0.05097
93.38 -0.051125
93.4 -0.05124
93.42 -0.05126
93.44 -0.051265
93.46 -0.051215
93.48 -0.051165
93.5 -0.05107
93.52 -0.05092
93.54 -0.05076
93.56 -0.050605
93.58 -0.050455
93.6 -0.05035
93.62 -0.05023
93.64 -0.05011
93.66 -0.05003
93.68 -0.049935
93.7 -0.049805
93.72 -0.049745
93.74 -0.049635
93.76 -0.049585
93.78 -0.0495
93.8 -0.04944
93.82 -0.0494
93.84 -0.0493
93.86 -0.04924
93.88 -0.049155
93.9 -0.04907
93.92 -0.04901
93.94 -0.04892
93.96 -0.048805
93.98 -0.04868
94 -0.0485
94.02 -0.048345
94.04 -0.048225
94.06 -0.04813
94.08 -0.048045
94.1 -0.047955
94.12 -0.04793
94.14 -0.04793
94.16 -0.04796
94.18 -0.047975
94.2 -0.04805
94.22 -0.048185
94.24 -0.04837
94.26 -0.048565
94.28 -0.048815
94.3 -0.04906
94.32 -0.049295
94.34 -0.049555
94.36 -0.04988
94.38 -0.05018
94.4 -0.050485
94.42 -0.050745
94.44 -0.051
94.46 -0.0512
94.48 -0.051385
94.5 -0.05148
94.52 -0.05154
94.54 -0.051475
94.56 -0.051445
94.58 -0.05132
94.6 -0.051185
94.62 -0.05107
94.64 -0.050895
94.66 -0.05068
94.68 -0.05046
94.7 -0.0502
94.72 -0.05001
94.74 -0.04981
94.76 -0.049625
94.78 -0.04941
94.8 -0.04923
94.82 -0.049105
94.84 -0.04901
94.86 -0.048955
94.88 -0.04892
94.9 -0.04889
94.92 -0.048905
94.94 -0.04897
94.96 -0.04906
94.98 -0.04919
95 -0.049315
95.02 -0.04945
95.04 -0.049605
95.06 -0.049715
95.08 -0.049845
95.1 -0.049905
95.12 -0.05003
95.14 -0.05016
95.16 -0.050285
95.18 -0.050355
95.2 -0.05042
95.22 -0.05054
95.24 -0.05062
95.26 -0.050745
95.28 -0.05089
95.3 -0.05101
95.32 -0.05124
95.34 -0.05144
95.36 -0.05161
95.38 -0.051815
95.4 -0.052025
95.42 -0.05224
95.44 -0.052445
95.46 -0.05263
95.48 -0.052765
95.5 -0.052855
95.52 -0.052905
95.54 -0.052945
95.56 -0.052965
95.58 -0.05281
95.6 -0.05265
95.62 -0.05247
95.64 -0.052195
95.66 -0.051945
95.68 -0.051585
95.7 -0.05121
95.72 -0.05081
95.74 -0.05043
95.76 -0.05007
95.78 -0.049695
95.8 -0.04938
95.82 -0.04913
95.84 -0.04889
95.86 -0.048745
95.88 -0.048675
95.9 -0.048665
95.92 -0.048715
95.94 -0.04881
95.96 -0.048965
95.98 -0.049205
96 -0.04943
96.02 -0.04973
96.04 -0.05002
96.06 -0.050345
96.08 -0.05064
96.1 -0.050925
96.12 -0.05115
96.14 -0.05136
96.16 -0.051495
96.18 -0.0516
96.2 -0.05161
96.22 -0.051545
96.24 -0.051395
96.26 -0.05118
96.28 -0.050945
96.3 -0.05063
96.32 -0.050275
96.34 -0.04993
96.36 -0.04957
96.38 -0.049215
96.4 -0.04893
96.42 -0.048695
96.44 -0.04851
96.46 -0.0484
96.48 -0.048405
96.5 -0.048495
96.52 -0.048645
96.54 -0.04891
96.56 -0.049205
96.58 -0.04955
96.6 -0.049965
96.62 -0.050435
96.64 -0.05086
96.66 -0.0513
96.68 -0.051705
96.7 -0.05202
96.72 -0.052295
96.74 -0.05245
96.76 -0.052535
96.78 -0.05256
96.8 -0.052465
96.82 -0.052275
96.84 -0.052015
96.86 -0.05166
96.88 -0.051265
96.9 -0.050825
96.92 -0.05039
96.94 -0.04998
96.96 -0.04953
96.98 -0.04915
97 -0.048815
97.02 -0.04852
97.04 -0.04832
97.06 -0.0482
97.08 -0.048155
97.1 -0.048215
97.12 -0.048335
97.14 -0.04854
97.16 -0.0488
97.18 -0.049115
97.2 -0.04943
97.22 -0.04977
97.24 -0.05008
97.26 -0.050425
97.28 -0.050745
97.3 -0.051025
97.32 -0.05127
97.34 -0.051415
97.36 -0.05149
97.38 -0.0515
97.4 -0.05146
97.42 -0.051365
97.44 -0.05126
97.46 -0.051125
97.48 -0.050935
97.5 -0.050735
97.52 -0.0506
97.54 -0.050505
97.56 -0.05045
97.58 -0.05045
97.6 -0.05049
97.62 -0.0506
97.64 -0.05073
97.66 -0.050935
97.68 -0.05118
97.7 -0.05134
97.72 -0.05155
97.74 -0.05177
97.76 -0.051985
97.78 -0.052065
97.8 -0.052155
97.82 -0.052185
97.84 -0.052105
97.86 -0.05196
97.88 -0.051685
97.9 -0.05139
97.92 -0.05103
97.94 -0.050585
97.96 -0.05015
97.98 -0.049665
98 -0.049185
98.02 -0.04876
98.04 -0.04835
98.06 -0.048005
98.08 -0.047775
98.1 -0.04761
98.12 -0.047565
98.14 -0.047575
98.16 -0.047725
98.18 -0.04789
98.2 -0.048085
98.22 -0.048415
98.24 -0.04871
98.26 -0.048995
98.28 -0.049285
98.3 -0.04958
98.32 -0.049835
98.34 -0.049995
98.36 -0.05011
98.38 -0.05015
98.4 -0.05014
98.42 -0.050035
98.44 -0.049845
98.46 -0.049685
98.48 -0.04944
98.5 -0.049125
98.52 -0.04882
98.54 -0.048465
98.56 -0.048115
98.58 -0.047815
98.6 -0.04752
98.62 -0.04726
98.64 -0.047015
98.66 -0.046795
98.68 -0.04663
98.7 -0.04646
98.72 -0.046355
98.74 -0.046265
98.76 -0.046225
98.78 -0.0462
98.8 -0.04621
98.82 -0.046235
98.84 -0.046245
98.86 -0.0463
98.88 -0.04635
98.9 -0.04635
98.92 -0.04628
98.94 -0.046185
98.96 -0.046045
98.98 -0.045925
99 -0.04576
99.02 -0.04558
99.04 -0.04537
99.06 -0.04518
99.08 -0.04494
99.1 -0.044715
99.12 -0.044465
99.14 -0.044365
99.16 -0.04421
99.18 -0.0441
99.2 -0.044055
99.22 -0.04404
99.24 -0.044095
99.26 -0.04416
99.28 -0.04423
99.3 -0.04434
99.32 -0.044495
99.34 -0.044625
99.36 -0.04476
99.38 -0.044855
99.4 -0.044905
99.42 -0.04491
99.44 -0.044865
99.46 -0.044785
99.48 -0.044605
99.5 -0.044425
99.52 -0.04416
99.54 -0.043845
99.56 -0.043505
99.58 -0.04313
99.6 -0.04273
99.62 -0.042315
99.64 -0.04187
99.66 -0.041445
99.68 -0.041035
99.7 -0.040655
99.72 -0.04036
99.74 -0.04006
99.76 -0.039825
99.78 -0.03961
99.8 -0.039485
99.82 -0.039345
99.84 -0.03916
99.86 -0.03899
99.88 -0.0388
99.9 -0.038645
99.92 -0.038365
99.94 -0.038155
99.96 -0.03788
99.98 -0.03755
100 -0.03725
100.02 -0.036915
100.04 -0.03661
100.06 -0.03626
100.08 -0.03591
100.1 -0.03567
100.12 -0.035435
100.14 -0.035235
100.16 -0.03509
100.18 -0.034985
100.2 -0.034945
100.22 -0.034945
100.24 -0.035035
100.26 -0.03511
100.28 -0.035225
100.3 -0.03534
100.32 -0.035395
100.34 -0.035445
100.36 -0.035465
100.38 -0.03543
100.4 -0.03534
100.42 -0.035165
100.44 -0.034875
100.46 -0.034505
100.48 -0.03406
100.5 -0.033605
100.52 -0.03311
100.54 -0.03258
100.56 -0.032035
100.58 -0.031475
100.6 -0.0309
100.62 -0.03041
100.64 -0.029935
100.66 -0.02949
100.68 -0.0291
100.7 -0.02878
100.72 -0.02853
100.74 -0.028385
100.76 -0.02834
100.78 -0.02836
100.8 -0.028405
100.82 -0.02847
100.84 -0.02847
100.86 -0.02841
100.88 -0.0283
100.9 -0.02812
100.92 -0.0279
100.94 -0.02759
100.96 -0.02722
100.98 -0.02675
101 -0.026195
101.02 -0.02558
101.04 -0.02493
101.06 -0.024285
101.08 -0.02368
101.1 -0.023085
101.12 -0.02251
101.14 -0.02196
101.16 -0.021535
101.18 -0.021245
101.2 -0.02112
101.22 -0.021045
101.24 -0.021115
101.26 -0.02133
101.28 -0.021515
101.3 -0.02178
101.32 -0.022045
101.34 -0.02238
101.36 -0.02268
101.38 -0.022895
101.4 -0.02301
101.42 -0.02307
101.44 -0.023005
101.46 -0.022845
101.48 -0.022555
101.5 -0.0222
101.52 -0.021745
101.54 -0.02123
101.56 -0.020635
101.58 -0.02003
101.6 -0.01935
101.62 -0.018655
101.64 -0.018025
101.66 -0.01742
101.68 -0.016885
101.7 -0.016435
101.72 -0.01605
101.74 -0.01581
101.76 -0.01561
101.78 -0.01542
101.8 -0.015295
101.82 -0.01517
101.84 -0.01504
101.86 -0.01488
101.88 -0.014695
101.9 -0.014405
101.92 -0.0141
101.94 -0.01379
101.96 -0.01339
101.98 -0.012945
102 -0.012505
102.02 -0.012125
102.04 -0.01177
102.06 -0.011435
102.08 -0.011145
102.1 -0.01088
102.12 -0.010685
102.14 -0.01059
102.16 -0.01051
102.18 -0.010445
102.2 -0.01038
102.22 -0.01036
102.24 -0.01033
102.26 -0.01027
102.28 -0.010165
102.3 -0.01009
102.32 -0.009945
102.34 -0.009765
102.36 -0.009535
102.38 -0.0093
102.4 -0.009025
102.42 -0.008685
102.44 -0.008375
102.46 -0.00801
102.48 -0.007705
102.5 -0.007425
102.52 -0.00722
102.54 -0.007015
102.56 -0.00688
102.58 -0.006805
102.6 -0.006705
102.62 -0.00666
102.64 -0.006575
102.66 -0.006545
102.68 -0.0065
102.7 -0.00639
102.72 -0.00621
102.74 -0.005995
102.76 -0.0057
102.78 -0.005405
102.8 -0.005025
102.82 -0.00462
102.84 -0.004245
102.86 -0.00385
102.88 -0.003395
102.9 -0.002905
102.92 -0.00245
102.94 -0.00207
102.96 -0.00169
102.98 -0.001385
103 -0.00114
103.02 -0.000945
103.04 -0.000775
103.06 -0.00065
103.08 -0.00053
103.1 -0.000465
103.12 -0.00041
103.14 -0.000335
103.16 -0.00023
103.18 -0.000115
103.2 -2e-05
103.22 9.5e-05
103.24 0.00027
103.26 0.00041
103.28 0.00052
103.3 0.000665
103.32 0.000835
103.34 0.001015
103.36 0.00126
103.38 0.00145
103.4 0.00166
103.42 0.001905
103.44 0.002085
103.46 0.002235
103.48 0.002355
103.5 0.00244
103.52 0.00249
103.54 0.002545
103.56 0.00263
103.58 0.00274
103.6 0.002885
103.62 0.00309
103.64 0.00335
103.66 0.003685
103.68 0.00404
103.7 0.004495
103.72 0.00496
103.74 0.00549
103.76 0.006045
103.78 0.00669
103.8 0.007295
103.82 0.007945
103.84 0.00857
103.86 0.00913
103.88 0.009715
103.9 0.010205
103.92 0.010585
103.94 0.01086
103.96 0.01104
103.98 0.011085
104 0.011075
104.02 0.010975
104.04 0.01088
104.06 0.010745
104.08 0.010685
104.1 0.01066
104.12 0.01066
104.14 0.010755
104.16 0.01094
104.18 0.01123
104.2 0.011615
104.22 0.012085
104.24 0.012615
104.26 0.013195
104.28 0.013835
104.3 0.014415
104.32 0.01499
104.34 0.0154
104.36 0.01573
104.38 0.01597
104.4 0.01608
104.42 0.01608
104.44 0.016025
104.46 0.015955
104.48 0.015835
104.5 0.01574
104.52 0.01569
104.54 0.015645
104.56 0.015665
104.58 0.015745
104.6 0.01589
104.62 0.016065
104.64 0.016295
104.66 0.016645
104.68 0.017025
104.7 0.017515
104.72 0.018
104.74 0.01847
104.76 0.01898
104.78 0.019395
104.8 0.019775
104.82 0.02003
104.84 0.020195
104.86 0.020305
104.88 0.02033
104.9 0.020235
104.92 0.020055
104.94 0.019815
104.96 0.01955
104.98 0.019355
105 0.01913
105.02 0.019
105.04 0.018875
105.06 0.01891
105.08 0.01901
105.1 0.019195
105.12 0.019405
105.14 0.01965
105.16 0.020015
105.18 0.02034
105.2 0.02067
105.22 0.020915
105.24 0.02108
105.26 0.02118
105.28 0.021235
105.3 0.02117
105.32 0.021025
105.34 0.02077
105.36 0.02039
105.38 0.01994
105.4 0.01947
105.42 0.01893
105.44 0.0184
105.46 0.017855
105.48 0.01737
105.5 0.017
105.52 0.016725
105.54 0.016485
105.56 0.016355
105.58 0.016305
105.6 0.016325
105.62 0.01638
105.64 0.016515
105.66 0.01665
105.68 0.01683
105.7 0.01695
105.72 0.017115
105.74 0.01724
105.76 0.01731
105.78 0.017345
105.8 0.01734
105.82 0.017295
105.84 0.017205
105.86 0.017105
105.88 0.016945
105.9 0.016835
105.92 0.01677
105.94 0.01673
105.96 0.016725
105.98 0.016795
106 0.01688
106.02 0.016965
106.04 0.0171
106.06 0.017235
106.08 0.01742
106.1 0.01759
106.12 0.01778
106.14 0.01803
106.16 0.01827
106.18 0.01856
106.2 0.01885
106.22 0.01917
106.24 0.019475
106.26 0.019815
106.28 0.02011
106.3 0.020415
106.32 0.02078
106.34 0.02109
106.36 0.02144
106.38 0.02178
106.4 0.02211
106.42 0.02245
106.44 0.02278
106.46 0.02306
106.48 0.023335
106.5 0.02359
106.52 0.023885
106.54 0.024135
106.56 0.02435
106.58 0.02457
106.6 0.02474
106.62 0.02486
106.64 0.025
106.66 0.025155
106.68 0.02526
106.7 0.025375
106.72 0.025485
106.74 0.025585
106.76 0.02576
106.78 0.02592
106.8 0.02601
106.82 0.02616
106.84 0.026285
106.86 0.02642
106.88 0.026545
106.9 0.026715
106.92 0.02683
106.94 0.026945
106.96 0.02703
106.98 0.02712
107 0.027175
107.02 0.02721
107.04 0.027175
107.06 0.0271
107.08 0.02701
107.1 0.02686
107.12 0.02659
107.14 0.02635
107.16 0.026125
107.18 0.02586
107.2 0.02561
107.22 0.02538
107.24 0.025135
107.26 0.024895
107.28 0.024695
107.3 0.024485
107.32 0.024355
107.34 0.02426
107.36 0.02418
107.38 0.02418
107.4 0.02413
107.42 0.02414
107.44 0.024105
107.46 0.024035
107.48 0.023955
107.5 0.0238
107.52 0.02363
107.54 0.02337
107.56 0.0231
107.58 0.022755
107.6 0.022395
107.62 0.022085
107.64 0.02184
107.66 0.02165
107.68 0.021465
107.7 0.021285
107.72 0.021115
107.74 0.021015
107.76 0.02093
107.78 0.02085
107.8 0.02081
107.82 0.020795
107.84 0.02085
107.86 0.020855
107.88 0.02089
107.9 0.020925
107.92 0.02088
107.94 0.020825
107.96 0.02075
107.98 0.020705
108 0.020685
108.02 0.02068
108.04 0.020745
108.06 0.02081
108.08 0.02095
108.1 0.021115
108.12 0.021315
108.14 0.02157
108.16 0.021885
108.18 0.02224
108.2 0.02257
108.22 0.02292
108.24 0.02328
108.26 0.023665
108.28 0.024
108.3 0.024255
108.32 0.024435
108.34 0.02452
108.36 0.02452
108.38 0.02434
108.4 0.0241
108.42 0.0239
108.44 0.02375
108.46 0.023675
108.48 0.023595
108.5 0.02357
108.52 0.023625
108.54 0.023675
108.56 0.02379
108.58 0.02394
108.6 0.024105
108.62 0.024245
108.64 0.024355
108.66 0.02448
108.68 0.024595
108.7 0.0247
108.72 0.024705
108.74 0.024695
108.76 0.024645
108.78 0.02461
108.8 0.024565
108.82 0.024475
108.84 0.024385
108.86 0.024285
108.88 0.024155
108.9 0.02402
108.92 0.02388
108.94 0.02369
108.96 0.0235
108.98 0.023275
109 0.023025
109.02 0.02272
109.04 0.022355
109.06 0.022
109.08 0.021565
109.1 0.021095
109.12 0.02057
109.14 0.020085
109.16 0.01954
109.18 0.019015
109.2 0.01853
109.22 0.018155
109.24 0.017875
109.26 0.01772
109.28 0.01769
109.3 0.017795
109.32 0.01796
109.34 0.01824
109.36 0.01859
109.38 0.019015
109.4 0.019425
109.42 0.01982
109.44 0.020155
109.46 0.0204
109.48 0.020535
109.5 0.02056
109.52 0.020525
109.54 0.02035
109.56 0.020075
109.58 0.019705
109.6 0.01931
109.62 0.018885
109.64 0.01841
109.66 0.017955
109.68 0.01755
109.7 0.017225
109.72 0.01695
109.74 0.01672
109.76 0.016665
109.78 0.01672
109.8 0.016885
109.82 0.017115
109.84 0.017425
109.86 0.01781
109.88 0.018215
109.9 0.018685
109.92 0.01907
109.94 0.019435
109.96 0.01978
109.98 0.02006
110 0.02029
110.02 0.02037
110.04 0.02039
110.06 0.020295
110.08 0.020155
110.1 0.01995
110.12 0.01966
110.14 0.0194
110.16 0.019045
110.18 0.01868
110.2 0.01826
110.22 0.01786
110.24 0.01758
110.26 0.017315
110.28 0.017055
110.3 0.01683
110.32 0.01659
110.34 0.016335
110.36 0.01611
110.38 0.015875
110.4 0.015565
110.42 0.01524
110.44 0.01491
110.46 0.01456
110.48 0.014195
110.5 0.01381
110.52 0.01346
110.54 0.013115
110.56 0.012725
110.58 0.01237
110.6 0.01203
110.62 0.0117
110.64 0.011365
110.66 0.01109
110.68 0.010815
110.7 0.010565
110.72 0.010345
110.74 0.0101
110.76 0.009855
110.78 0.00963
110.8 0.00942
110.82 0.009215
110.84 0.008985
110.86 0.008775
110.88 0.00851
110.9 0.008225
110.92 0.00795
110.94 0.007715
110.96 0.007495
110.98 0.007365
111 0.00724
111.02 0.00712
111.04 0.007065
111.06 0.007015
111.08 0.00703
111.1 0.0071
111.12 0.007185
111.14 0.0073
111.16 0.00742
111.18 0.00756
111.2 0.007665
111.22 0.00777
111.24 0.007855
111.26 0.007925
111.28 0.00799
111.3 0.00806
111.32 0.00812
111.34 0.008205
111.36 0.008305
111.38 0.00846
111.4 0.00864
111.42 0.00888
111.44 0.009145
111.46 0.00943
111.48 0.00969
111.5 0.00997
111.52 0.010195
111.54 0.01036
111.56 0.01047
111.58 0.01046
111.6 0.01041
111.62 0.010285
111.64 0.010145
111.66 0.009905
111.68 0.009585
111.7 0.00919
111.72 0.008735
111.74 0.008205
111.76 0.00767
111.78 0.007135
111.8 0.006605
111.82 0.00603
111.84 0.00548
111.86 0.004905
111.88 0.00445
111.9 0.00403
111.92 0.003685
111.94 0.003335
111.96 0.00307
111.98 0.00275
112 0.002605
112.02 0.002475
112.04 0.002445
112.06 0.00242
112.08 0.002385
112.1 0.002355
112.12 0.002305
112.14 0.002255
112.16 0.002225
112.18 0.00215
112.2 0.002075
112.22 0.001945
112.24 0.001825
112.26 0.001735
112.28 0.001615
112.3 0.001525
112.32 0.00141
112.34 0.001345
112.36 0.001245
112.38 0.00113
112.4 0.001065
112.42 0.000995
112.44 0.000945
112.46 0.000945
112.48 0.001
112.5 0.001065
112.52 0.00115
112.54 0.001235
112.56 0.00133
112.58 0.001395
112.6 0.00146
112.62 0.00151
112.64 0.001535
112.66 0.001565
112.68 0.00152
112.7 0.001535
112.72 0.00147
112.74 0.001475
112.76 0.001445
112.78 0.001395
112.8 0.00132
112.82 0.00129
112.84 0.00121
112.86 0.001105
112.88 0.001
112.9 0.000875
112.92 0.000795
112.94 0.00069
112.96 0.00058
112.98 0.00042
113 0.00024
113.02 8.5e-05
113.04 -9e-05
113.06 -0.000235
113.08 -0.00038
113.1 -0.00054
113.12 -0.00074
113.14 -0.000875
113.16 -0.000945
113.18 -0.00102
113.2 -0.00114
113.22 -0.001295
113.24 -0.001435
113.26 -0.001645
113.28 -0.00193
113.3 -0.00223
113.32 -0.002595
113.34 -0.003045
113.36 -0.00351
113.38 -0.00396
113.4 -0.00445
113.42 -0.004935
113.44 -0.005375
113.46 -0.00577
113.48 -0.00612
113.5 -0.006465
113.52 -0.006775
113.54 -0.007
113.56 -0.00716
113.58 -0.007365
113.6 -0.007495
113.62 -0.00761
113.64 -0.007715
113.66 -0.00772
113.68 -0.00775
113.7 -0.00776
113.72 -0.00774
113.74 -0.007675
113.76 -0.0076
113.78 -0.0075
113.8 -0.00739
113.82 -0.00726
113.84 -0.00707
113.86 -0.00688
113.88 -0.0066
113.9 -0.006335
113.92 -0.006065
113.94 -0.005795
113.96 -0.005535
113.98 -0.00524
114 -0.004985
114.02 -0.0048
114.04 -0.00467
114.06 -0.00456
114.08 -0.00446
114.1 -0.00445
114.12 -0.004405
114.14 -0.00444
114.16 -0.004505
114.18 -0.004605
114.2 -0.00471
114.22 -0.004775
114.24 -0.00488
114.26 -0.004965
114.28 -0.004995
114.3 -0.005025
114.32 -0.00504
114.34 -0.004955
114.36 -0.004825
114.38 -0.00464
114.4 -0.00441
114.42 -0.00413
114.44 -0.00388
114.46 -0.00359
114.48 -0.003355
114.5 -0.00315
114.52 -0.003095
114.54 -0.00307
114.56 -0.003105
114.58 -0.003255
114.6 -0.003475
114.62 -0.00373
114.64 -0.00408
114.66 -0.004425
114.68 -0.00481
114.7 -0.00526
