45 25 42 44 28 4 30 22 30 24 17 23 40 38 5 34 5 4 12 44 31 6 39 1 2 13 11 26 5 31 20 21 1 45 29 22 47 48 46 9 28 8 11 16 32 15 14 41 6 28 30 20 33 13 17 31 36 1 11 39 43 43 41 30 7 10 27 39 10 24 42 2 27 33 44 9 8 47 4 25 27 20 36 23 48 21 37 3 3 29 16 41 14 47 48 34 12 37 23 9 3 19 6 39 25 8 13 46 38 32 32 35 48 13 19 44 35 45 16 28 40 19 27 12 32 46 11 22 26 40 34 37 18 47 24 7 33 25 18 9 31 7 12 10 40 29 15 38 18 22 19 4 41 24 42 15 10 14 21 23 35 29 37 35 34 43 21 26 36 8 18 5 1 16 17 7 46 6 2 38 14 36 42 45 2 20 3 17 15 33 26 43 
17 
13 
33 
3 
9 
1 
5 
39 
23 
7 
8 
41 
41 
6 
14 
21 
44 
31 
42 
39 
29 
4 
11 
37 
28 
26 
8 
13 
33 
3 
45 
11 
26 
5 
43 
12 
41 
36 
17 
48 
35 
10 
32 
25 
40 
8 
15 
35 
36 
32 
13 
9 
10 
2 
5 
24 
18 
4 
13 
47 
47 
32 
9 
10 
1 
11 
15 
38 
44 
2 
3 
12 
7 
7 
15 
31 
36 
14 
34 
20 
1 
43 
36 
7 
11 
12 
47 
32 
9 
39 
27 
2 
2 
4 
15 
16 
33 
1 
14 
28 
18 
26 
20 
35 
21 
34 
29 
14 
16 
46 
24 
28 
40 
22 
13 
34 
41 
17 
27 
12 
12 
46 
45 
45 
39 
23 
42 
24 
14 
19 
25 
45 
16 
22 
42 
29 
22 
46 
29 
31 
36 
48 
2 
15 
16 
41 
3 
42 
30 
9 
18 
31 
5 
25 
26 
4 
5 
14 
40 
31 
12 
8 
35 
12 
28 
45 
19 
35 
5 
3 
27 
5 
21 
47 
25 
48 
33 
29 
38 
17 
37 
40 
7 
30 
23 
26 
38 
24 
42 
23 
23 
9 
3 
31 
30 
38 
21 
37 
1 
37 
41 
34 
4 
20 
33 
32 
18 
39 
25 
30 
11 
44 
7 
20 
18 
24 
9 
44 
30 
24 
43 
1 
11 
36 
20 
22 
34 
40 
28 
38 
27 
26 
4 
21 
6 
43 
46 
22 
6 
20 
18 
7 
33 
37 
17 
2 
38 
13 
48 
6 
17 23 22 30 
23 
32 47 35 8 
28 
15 
40 
34 
25 43 37 11 
14 
33 15 39 44 
27 
46 
10 
16 
43 
42 
46 
48 
10 
17 
41 
45 
2 
35 
4 
45 
26 
27 
40 
39 
32 
6 
44 
47 
42 
8 
3 
26 
3 
1 
36 
32 
38 
5 
30 
2 
33 
34 
31 
6 
29 
17 
28 
37 
35 
39 
43 
46 
21 
24 
25 
16 
27 
1 
19 
45 
23 
18 
22 
48 
44 
20 
47 
