15 6 16 15 5 8 9 8 10 2 11 3 12 16 7 13 4 6 2 4 2 1 7 5 4 2 12 13 8 14 3 3 12 12 12 11 4 12 15 4 12 16 16 8 9 5 10 8 10 1 15 7 2 10 15 3 14 11 7 10 13 6 13 16 11 8 14 13 7 16 10 2 12 4 15 2 2 14 5 16 3 12 1 1 1 12 5 5 9 15 8 10 11 16 4 10 3 3 4 15 7 14 7 12 11 3 8 15 6 13 5 6 9 3 6 10 1 8 2 15 6 16 5 8 9 9 11 14 1 9 4 8 11 2 7 6 1 1 13 7 5 12 13 11 14 14 11 7 3 16 15 14 5 13 9 6 14 6 7 13 16 6 5 9 3 2 10 9 14 10 6 16 1 9 11 13 9 15 4 2 7 3 1 10 14 4 1 11 8 13 4 5 
12 
8 
8 
5 
10 
9 
6 
6 
13 
13 
12 
2 
11 
12 
16 
12 
10 
2 
9 
10 
11 
14 
1 
6 
7 
13 
8 
10 
7 
14 
7 
10 
3 
3 
15 
16 
7 
11 
2 
4 
15 
13 
5 
3 
2 
11 
15 
1 
15 
1 
16 
1 
6 
16 
3 
9 
8 
10 
5 
5 
15 
5 
11 
14 
8 
4 
3 
12 
9 
6 
9 
14 
6 
14 
7 
8 
14 
11 
12 
2 
7 
10 
11 
4 
9 
12 
4 
5 
10 
4 
6 
3 
13 
5 
8 
13 
4 
15 
12 
9 
12 
2 
6 
8 
13 
16 
14 
2 
5 
14 
15 
16 
15 
7 
7 
11 
4 
9 
13 
5 
3 
6 
1 
1 
16 
1 
13 
15 
16 
10 
14 
1 
7 
2 
7 
12 
13 
16 
11 
16 
9 
4 
8 
11 
3 
