44 17 36 23 45 47 39 43 21 41 40 42 30 31 46 48 3 9 2 20 14 31 36 13 24 9 5 10 48 45 6 28 3 10 22 29 25 13 11 28 27 22 40 15 14 23 32 9 2 31 41 43 13 42 34 28 7 45 38 35 20 40 5 41 35 5 48 3 30 46 47 17 5 18 7 26 10 6 20 44 11 8 38 22 16 8 26 12 16 35 14 12 29 46 1 17 18 33 18 24 14 46 33 9 44 32 37 28 25 45 7 29 24 25 8 39 23 2 38 22 13 17 48 29 44 11 18 4 32 37 37 36 4 15 41 43 27 31 32 19 20 42 24 30 10 1 16 47 4 30 26 6 33 36 47 4 23 12 2 27 34 7 42 19 34 21 12 40 8 19 39 3 39 1 34 6 37 26 25 16 11 15 15 1 33 27 38 35 43 21 21 19 
7 
44 
24 
30 
25 
27 
46 
37 
3 
48 
37 
47 
9 
38 
7 
41 
19 
14 
43 
19 
38 
30 
31 
29 
20 
28 
8 
10 
36 
27 
34 
45 
47 
23 
33 
15 
34 
21 
6 
35 
45 
35 
27 
23 
32 
43 
43 
5 
41 
1 
42 
41 
44 
39 
25 
48 
22 
28 
31 
11 
45 
36 
17 
22 
29 
18 
15 
27 
1 
43 
5 
11 
17 
14 
42 
16 
14 
43 
45 
1 
10 
20 
16 
36 
17 
20 
17 
22 
45 
39 
28 
4 
9 
42 
23 
40 
40 
26 
26 
24 
12 
25 
48 
46 
31 
41 
1 
40 
46 
32 
6 
39 
19 
22 
30 
47 
45 
24 
2 
13 
13 
28 
4 
38 
5 
44 
33 
41 
1 
39 
47 
3 
47 
32 
21 
18 
26 
37 
35 
11 
26 
26 
34 
2 
19 
35 
44 
44 
16 
24 
22 
12 
8 
12 
31 
35 
5 
37 
13 
8 
40 
18 
9 
3 
4 
29 
48 
5 
27 
24 
27 
37 
15 
38 
15 
44 
44 
42 
6 
4 
26 
33 
2 
16 
33 
41 
11 
38 
46 
37 
40 
13 
32 
42 
18 
7 
6 
13 
16 
3 
25 
45 
30 
17 
25 
8 
7 
9 
46 
18 
23 
1 
34 
18 
35 
31 
11 
42 
11 
16 
23 
14 
34 
21 
21 
15 
13 
17 
12 
20 
35 
9 
3 
10 
8 
5 
2 
4 
8 
14 
10 
2 
6 
32 
29 
5 
9 
28 
46 
29 
27 15 4 21 
3 
22 2 10 23 
30 
43 
32 
43 
24 21 40 20 
20 
47 10 12 34 
19 
37 
36 
7 
14 
30 
26 
28 
41 
46 
47 
6 
33 
32 
12 
33 
38 
30 
25 
40 
9 
39 
8 
25 
44 
39 
15 
15 
17 
23 
18 
6 
4 
22 
10 
20 
12 
14 
16 
19 
8 
7 
13 
11 
9 
5 
30 
29 
37 
39 
33 
38 
28 
34 
36 
32 
24 
27 
21 
31 
25 
40 
26 
