3 7 9 2 1 11 12 16 4 11 10 1 9 16 7 11 15 13 5 10 15 4 13 12 10 5 1 16 14 8 2 8 2 6 3 3 6 12 15 7 8 4 5 14 9 6 13 14 
1 
5 
4 
2 
9 
16 
14 
15 
2 
11 
9 
16 
5 
15 
6 
13 
4 
12 
7 
3 
12 
11 
7 
16 
14 
13 
12 
15 
9 
5 
10 
11 
13 
15 
3 
4 
3 
5 
3 
13 
2 
15 
10 
2 
15 
11 
3 
1 
16 
14 
4 
5 
16 
8 
5 
12 
8 
13 
10 
7 
6 
11 
14 
5 
7 
16 
8 
10 
5 
1 
8 
7 
7 
9 
10 
4 
11 
14 
12 
4 
5 
9 
15 
15 
9 
12 
14 
2 
14 
4 
7 
1 
4 
6 
7 
3 
3 
3 
3 
8 
8 
10 
2 
11 
10 
10 
15 
2 
5 
15 
12 
10 
7 
13 
16 
13 
3 
15 
14 
3 
5 
2 
2 
8 
4 
12 
15 
4 
10 
8 
3 
7 
12 
1 
6 
9 
10 
4 
1 
14 
6 
11 
7 
9 
3 
6 
8 
16 
14 
13 
14 
2 
11 
4 
16 
5 
9 
9 
7 
6 
12 
11 
1 
7 
1 
11 
7 
11 
12 
8 
13 
5 
1 
14 
2 
16 
15 
12 
1 
16 
10 
2 
2 
6 
8 
11 
5 
2 
4 
2 
9 
4 
1 
6 
5 
1 
15 
11 
9 
15 
10 
5 
13 
10 
16 
12 
11 
10 
4 
11 
1 
5 
7 
6 
12 
15 
9 
1 
10 
1 
3 
7 
8 
9 
16 
6 
14 
13 
10 
13 
11 
6 
4 
2 
1 
8 
14 
12 
9 
6 
15 
13 
11 
3 
6 
7 
5 
4 
5 
2 
13 
4 
12 
14 
7 
9 
4 
5 
8 
6 
2 
10 
14 
9 
1 
15 
13 
14 
14 
4 
1 
6 
16 
3 
16 
12 
8 
3 
10 
15 
12 
13 
16 
7 
16 
13 
11 
12 
1 
9 
11 
6 
4 
16 
3 
4 
2 
15 
9 
8 
12 
9 
8 
2 
10 
12 
9 
16 
2 
9 
11 
7 
6 
14 
12 
4 
15 
12 
1 
5 
8 
15 
15 
2 
4 
3 
9 
11 
8 
7 
6 
7 
2 
16 
15 
9 
2 
5 
8 
13 
6 
12 
10 
12 
11 
3 
11 
11 
2 
12 
15 
11 
12 
3 
9 
8 
6 
13 
11 
2 
13 
13 
11 
10 
12 
3 
13 
6 
8 
13 
11 
3 
4 
10 
1 
7 
14 
8 
3 
13 
4 
5 
14 
4 
13 
5 
5 
10 
4 
2 
14 
13 
15 
6 
11 
7 
3 
16 
11 
3 
1 
14 
12 
16 
10 
9 
14 
6 
13 
12 
9 
14 
14 
1 
15 
13 
4 
3 
8 
9 
7 
10 
5 
16 
10 
16 
13 
6 
14 
1 
15 
8 
4 
8 
3 
3 
9 
14 
16 
14 
4 
6 
10 
10 
2 
10 
11 
5 
5 
3 
3 
8 
6 
6 
15 
12 
16 
8 
13 
2 
5 
3 
16 
7 
14 
8 
9 
4 
7 
5 
15 
1 
6 
7 
5 
1 
9 
10 
1 
13 
16 
2 
12 
5 
14 
8 
5 
1 
12 
8 
11 
7 
13 
6 
10 
1 
7 
9 
14 
4 
11 
16 
9 
12 
10 
16 
7 
15 
16 
9 
13 
13 
7 
3 
6 
1 
7 
15 
1 
4 
2 
2 
13 
10 
8 
6 
4 
1 
6 
1 
6 
14 
7 
2 
8 
11 
3 
2 
1 
5 
6 
8 
