9 15 11 21 6 16 7 6 4 22 9 20 5 1 18 19 14 17 12 24 23 8 18 1 21 10 4 2 23 14 3 20 3 22 2 5 13 19 13 12 8 7 11 15 24 10 16 17 
1 
23 
20 
3 
19 
17 
5 
21 
19 
13 
7 
3 
24 
24 
11 
23 
15 
2 
10 
9 
16 
1 
20 
6 
18 
18 
14 
21 
2 
20 
10 
16 
16 
24 
14 
8 
16 
20 
24 
15 
19 
16 
3 
16 
21 
9 
1 
1 
24 
22 
20 
20 
23 
20 
14 
11 
5 
16 
4 
11 
17 
23 
5 
5 
1 
14 
22 
11 
6 
10 
1 
4 
11 
21 
13 
2 
7 
16 
6 
16 
14 
9 
9 
21 
19 
23 
13 
10 
23 
6 
17 
9 
21 
16 
6 
4 
5 
2 
2 
13 
15 
5 
19 
4 
8 
1 
5 
9 
8 
11 
1 
3 
11 
15 
19 
7 
24 
23 
17 
6 
15 
13 
9 
14 
17 
6 
1 
15 
24 
12 
24 
18 
17 
6 
3 
18 
14 
19 
17 
23 
21 
20 
15 
23 
24 
9 
3 
22 
22 
4 
17 
19 
12 
14 
3 
17 
14 
20 
1 
22 
4 
7 
19 
18 
23 
16 
18 
11 
24 
15 
17 
1 
11 
10 
10 
6 
8 
12 
5 
6 
23 
13 
13 
14 
21 
8 
4 
21 
10 
22 
11 
13 
8 
18 
4 
12 
12 
15 
22 
9 
17 
10 
22 
3 
10 
21 
17 
22 
19 
21 
18 
5 
5 
6 
6 
24 
7 
16 
22 
15 
23 
7 
16 
7 
3 
12 
21 
4 
13 
10 
2 
9 
15 
12 
19 
12 
7 
8 
2 
8 
12 
3 
8 
18 
18 
8 
4 
13 
14 
1 
2 
7 
7 
24 
20 
18 
2 
17 
10 
12 
13 
5 
8 
2 
7 
3 
18 
20 
10 
13 
1 
11 
21 
5 
3 
15 
24 
4 
2 
2 
16 
11 
19 
19 
14 
5 
3 
22 
6 
4 
8 
23 
12 
7 
6 
14 
19 
2 
17 
22 
7 
11 
4 
20 
24 
19 
9 
22 
4 
4 
18 
20 
21 
1 
19 
16 
17 
8 
7 
5 
4 
24 
14 
5 
21 
23 
3 
13 
7 
9 
2 
12 
8 
12 
3 
11 
14 
7 
11 
2 
12 
24 
23 
15 
22 
9 
24 
17 
15 
22 
12 
9 
1 
5 
9 
20 
22 
11 
21 
24 
12 
4 
16 
18 
18 
12 
5 
5 
18 
18 
7 
8 
20 
13 
16 
22 
20 
10 
10 
14 
22 
13 
20 
10 
3 
15 
9 
10 
14 
15 
6 
12 
15 
9 
3 
3 
6 
22 
14 
18 
6 
12 
8 
8 
24 
5 
6 
21 
20 
9 
20 
1 
6 
21 
4 
15 
9 
13 
4 
19 
2 
5 
2 
3 
13 
13 
3 
15 
17 
18 
15 
18 
16 
2 
21 
6 
8 
24 
23 
3 
15 
1 
24 
20 
14 
1 
11 
6 
14 
5 
10 
6 
12 
16 
7 
7 
17 
1 
8 
20 
11 
18 
15 
14 
4 
8 
10 
22 
10 
1 
1 
2 
7 
21 
23 
7 
12 
16 
11 
23 
19 
21 
12 
8 
16 
13 
19 
20 
17 
19 
9 
21 
16 
17 
22 
3 
10 
7 
23 
10 
5 
23 
13 
9 
2 
13 
1 
2 
23 
4 
11 
11 
24 
22 
10 
14 
17 
11 
18 
19 
9 
8 
13 
4 
17 
