7 8 4 2 22 2 21 15 12 14 16 3 13 20 5 11 15 17 9 23 16 18 14 6 10 24 8 10 6 1 21 24 17 13 11 3 23 7 20 18 4 22 12 19 1 5 9 19 
8 
22 
10 
22 
9 
7 
20 
20 
19 
6 
21 
8 
9 
17 
5 
9 
2 
22 
19 
14 
19 
12 
7 
1 
23 
21 
16 
24 
9 
17 
14 
15 
10 
13 
5 
17 
9 
1 
1 
5 
11 
9 
19 
16 
3 
13 
22 
10 
1 
17 
8 
12 
12 
2 
5 
18 
14 
11 
23 
1 
18 
14 
20 
3 
2 
21 
6 
10 
21 
2 
11 
15 
21 
2 
20 
14 
21 
3 
9 
24 
7 
12 
3 
17 
21 
20 
18 
15 
17 
11 
23 
20 
10 
10 
17 
6 
11 
8 
15 
13 
21 
5 
2 
16 
6 
18 
20 
2 
19 
10 
24 
22 
4 
18 
8 
24 
23 
11 
20 
17 
19 
21 
19 
19 
9 
6 
19 
7 
4 
1 
3 
1 
16 
8 
12 
21 
24 
4 
6 
6 
18 
4 
14 
18 
24 
6 
15 
16 
23 
17 
8 
18 
12 
12 
11 
16 
23 
21 
3 
11 
7 
10 
22 
14 
3 
22 
22 
21 
9 
11 
9 
19 
13 
23 
24 
5 
15 
2 
5 
20 
12 
18 
10 
16 
9 
24 
4 
22 
15 
6 
7 
21 
6 
3 
8 
13 
23 
5 
14 
15 
20 
7 
12 
17 
13 
14 
14 
4 
2 
1 
1 
13 
9 
23 
8 
19 
13 
18 
4 
4 
7 
14 
7 
23 
5 
2 
10 
14 
16 
1 
4 
22 
20 
6 
15 
12 
13 
7 
17 
16 
8 
9 
12 
15 
21 
9 
22 
20 
16 
14 
5 
23 
23 
4 
2 
8 
3 
1 
11 
6 
17 
3 
7 
24 
15 
11 
15 
19 
20 
1 
18 
22 
13 
6 
4 
18 
12 
8 
18 
13 
10 
24 
2 
18 
10 
16 
3 
22 
14 
16 
24 
14 
6 
19 
23 
16 
11 
10 
6 
12 
13 
19 
2 
16 
18 
5 
20 
17 
12 
14 
2 
22 
15 
15 
24 
9 
4 
19 
7 
2 
2 
5 
11 
12 
16 
5 
12 
23 
2 
3 
23 
4 
7 
24 
8 
14 
4 
13 
10 
13 
23 
24 
22 
23 
9 
1 
21 
20 
7 
13 
6 
19 
5 
5 
21 
23 
10 
8 
20 
1 
8 
4 
22 
11 
17 
1 
8 
12 
9 
21 
22 
3 
10 
21 
24 
19 
22 
3 
3 
13 
12 
2 
8 
5 
17 
22 
1 
10 
6 
3 
15 
14 
24 
10 
11 
4 
16 
16 
8 
16 
3 
13 
19 
1 
13 
3 
14 
24 
7 
4 
18 
24 
6 
18 
18 
19 
1 
6 
4 
7 
10 
20 
19 
9 
18 
24 
15 
18 
10 
21 
10 
5 
20 
22 
7 
15 
7 
20 
5 
1 
15 
21 
5 
12 
11 
11 
2 
10 
9 
9 
14 
9 
17 
2 
19 
15 
22 
7 
13 
17 
3 
12 
16 
13 
18 
5 
3 
21 
1 
6 
5 
20 
13 
16 
11 
7 
13 
5 
21 
6 
1 
17 
23 
2 
8 
20 
11 
15 
16 
23 
16 
4 
11 
17 
24 
1 
12 
6 
4 
18 
15 
3 
3 
14 
17 
15 
8 
12 
17 
24 
8 
9 
19 
4 
23 
4 
2 
14 
20 
22 
7 
17 
7 
11 
8 
