43 19 34 30 3 14 15 9 35 5 6 48 12 31 2 46 11 47 23 36 37 40 46 7 16 48 32 39 13 17 3 5 45 43 6 7 48 25 33 29 3 38 35 35 19 18 26 39 8 22 46 26 46 12 24 10 13 45 20 42 19 24 30 8 47 20 37 47 36 41 5 14 44 17 21 29 38 31 17 34 14 21 1 6 16 31 31 40 35 20 34 41 13 1 25 16 40 26 12 43 10 23 34 11 11 22 39 22 24 27 13 18 22 10 4 7 30 36 8 9 48 44 1 33 32 3 40 28 39 26 21 42 20 15 2 29 17 29 5 2 32 10 6 28 38 41 16 25 7 15 45 9 38 4 4 42 11 8 25 37 42 44 37 28 28 14 44 27 19 12 27 9 18 23 30 33 1 4 32 33 24 23 47 45 43 27 36 15 2 18 21 41 
26 
23 
28 
40 
42 
30 
25 
34 
34 
9 
44 
26 
29 
2 
11 
46 
16 
32 
36 
37 
38 
42 
25 
44 
16 
39 
31 
14 
27 
27 
12 
21 
3 
30 
43 
46 
21 
7 
40 
40 
29 
38 
1 
3 
7 
32 
4 
39 
2 
6 
45 
10 
26 
30 
27 
38 
48 
30 
19 
28 
13 
22 
44 
24 
1 
34 
14 
36 
15 
47 
37 
39 
39 
17 
45 
7 
14 
43 
32 
7 
5 
8 
35 
38 
41 
18 
42 
11 
15 
29 
36 
11 
33 
17 
23 
15 
46 
5 
6 
47 
45 
47 
8 
3 
21 
2 
29 
7 
38 
4 
32 
39 
20 
31 
42 
47 
20 
16 
34 
41 
30 
27 
21 
22 
18 
35 
43 
9 
1 
39 
27 
1 
47 
28 
10 
12 
9 
41 
9 
9 
45 
43 
43 
20 
19 
46 
3 
22 
37 
17 
37 
8 
13 
27 
6 
36 
15 
24 
24 
37 
21 
22 
8 
41 
45 
4 
35 
23 
19 
11 
6 
7 
12 
14 
35 
38 
3 
48 
13 
46 
20 
9 
26 
4 
15 
22 
42 
32 
45 
46 
18 
28 
47 
26 
14 
30 
2 
19 
12 
1 
28 
18 
16 
10 
1 
19 
48 
8 
16 
38 
33 
11 
44 
11 
40 
36 
25 
41 
23 
29 
34 
25 
43 
8 
23 
20 
42 
48 
23 
33 
31 
17 
35 
19 
13 
1 
47 
29 
20 
6 
24 
9 
30 
33 
10 
5 
35 
20 
10 
27 
48 
10 
6 
40 
2 
22 
17 
31 
4 
44 
18 
37 
12 
19 
42 
8 
28 
17 
44 
34 
5 
43 
16 
28 
31 
5 
31 
48 
12 
32 
41 
37 
26 
15 
40 
17 
44 
4 
4 
25 
10 
5 
12 
41 
2 
21 
2 
40 
36 
25 
3 
33 
39 
29 
22 
14 
26 
3 
24 
31 
36 
45 
13 
25 
7 
18 
33 
21 
23 
33 
24 
13 
10 
4 
7 
1 
19 
13 
23 
45 
27 
12 
25 
25 
9 
14 
33 
44 
26 
46 
22 
11 
25 
35 
24 
22 
17 
17 
20 
6 
19 
29 
30 
39 
47 
28 
37 
41 
19 
13 
3 
8 
21 
2 
35 
21 
31 
30 
42 
14 
22 
40 
15 
23 
14 
32 
13 
34 
18 
24 
6 
5 
16 
15 
32 
38 
31 
21 
10 
30 
48 
12 
8 
41 
3 
7 
2 
37 
44 
1 
16 
27 
34 
42 
43 
35 
36 
5 
28 
43 
11 
28 
42 
46 
39 
20 
47 
26 
29 
24 
34 
40 
23 
18 
38 
34 
18 
43 
48 
20 
48 
45 
33 
26 
36 
46 
44 
40 
27 
9 
33 
15 
17 
16 
41 
32 
29 
38 
47 
31 
36 
37 
32 
39 
5 
34 
6 
