3 36 38 22 39 33 10 7 34 23 47 18 5 40 16 4 32 2 13 45 20 34 14 29 17 20 24 19 40 9 24 39 41 4 13 16 1 17 26 17 27 17 10 19 25 9 21 39 9 6 42 23 33 37 28 32 13 48 22 7 44 36 11 20 42 39 15 45 42 21 46 44 18 43 37 35 2 31 43 8 45 12 5 35 23 16 7 26 48 11 47 27 31 22 35 40 3 41 24 25 2 11 4 38 12 5 41 41 38 45 10 9 29 7 8 4 21 34 14 12 22 26 1 3 27 10 38 48 6 43 14 37 33 27 1 3 21 44 30 15 16 14 34 15 43 47 31 28 36 33 30 32 32 5 40 28 15 36 18 25 37 11 12 46 19 8 19 8 30 25 47 13 6 23 29 46 1 28 42 30 44 20 35 31 26 24 18 46 29 48 6 2 
37 
45 
46 
10 
10 
26 
14 
2 
14 
46 
42 
32 
6 
13 
11 
36 
42 
12 
20 
7 
7 
47 
48 
28 
42 
39 
17 
2 
14 
39 
28 
16 
1 
6 
36 
29 
29 
25 
12 
13 
28 
25 
3 
5 
27 
45 
12 
17 
29 
15 
10 
24 
15 
9 
38 
32 
7 
16 
4 
2 
20 
21 
38 
15 
20 
6 
32 
40 
7 
33 
20 
45 
21 
13 
26 
23 
27 
33 
41 
6 
1 
8 
31 
36 
43 
22 
14 
36 
21 
26 
5 
12 
46 
12 
24 
41 
23 
45 
5 
16 
37 
29 
28 
9 
15 
21 
3 
3 
17 
17 
21 
24 
2 
16 
34 
32 
26 
39 
35 
19 
30 
16 
19 
2 
47 
36 
11 
17 
4 
30 
25 
15 
47 
9 
2 
19 
10 
32 
34 
20 
19 
22 
40 
5 
5 
15 
3 
28 
26 
18 
14 
9 
33 
22 
44 
12 
38 
3 
43 
7 
13 
34 
1 
43 
20 
4 
14 
1 
37 
37 
9 
11 
37 
38 
33 
48 
8 
19 
11 
44 
23 
4 
1 
47 
22 
8 
10 
12 
35 
6 
41 
9 
38 
28 
6 
31 
35 
8 
43 
23 
4 
10 
10 
36 
38 
44 
42 
30 
45 
18 
23 
47 
41 
42 
39 
33 
13 
34 
34 
17 
3 
29 
27 
26 
48 
40 
24 
4 
31 
47 
46 
31 
29 
30 
34 
42 
11 
39 
40 
44 
18 
22 
48 
20 
36 
18 
5 
45 
48 
40 
8 
16 
19 
30 
25 
21 
3 
27 
18 
48 
31 
44 
35 
11 
47 
25 
15 
43 
7 
13 
6 
32 
35 
9 
30 
17 
8 
41 
19 
16 
29 
35 
24 
38 
39 
1 
48 
28 
41 
39 
33 
45 
25 
30 
27 
43 
44 
23 
46 
24 
24 
40 
1 
34 
13 
32 
35 
27 
22 
46 
46 
25 
18 
23 
40 
27 
43 
22 
11 
14 
31 
8 
8 
5 
7 
32 
5 
26 
41 
16 
43 
28 
10 
27 
6 
40 
4 
24 
43 
44 
27 
36 
10 
48 
24 
11 
39 
25 
15 
19 
29 
25 
21 
4 
42 
21 
42 
45 
26 
22 
37 
17 
45 
40 
14 
30 
41 
19 
46 
48 
44 
40 
27 
37 
26 
37 
30 
21 
47 
22 
42 
31 
45 
18 
32 
3 
1 
4 
35 
9 
8 
42 
20 
34 
19 
38 
6 
7 
31 
41 
23 
3 
15 
2 
33 
28 
36 
35 
46 
44 
14 
13 
29 
46 
21 
18 
47 
31 
38 
39 
20 
23 
12 
23 
16 
33 
1 
34 
25 
33 
22 
36 
38 
13 
30 
43 
24 
9 
34 
37 
48 
39 
17 
47 
18 
12 
29 
20 
2 
11 
32 
31 
35 
28 
2 
5 
7 
